0,21748901.8390293121
100000000,21750198.5686180964
200000000,21751507.8125802577
300000000,21752829.1041047350
400000000,21754157.9878280237
500000000,21755496.5517928004
600000000,21756844.7950610034
700000000,21758205.0672083534
800000000,21759576.1503340565
900000000,21760955.7122583799
1000000000,21762340.1664512791
1100000000,21763740.2003923021
1200000000,21765149.4952859804
1300000000,21766568.4671510011
1400000000,21767997.4660731517
1500000000,21769433.2912709564
1600000000,21770884.3476326428
1700000000,21772342.3083082624
1800000000,21773809.4498560838
1900000000,21775287.4632480294
2000000000,21776777.0904236399
2100000000,21778276.3920372017
2200000000,19394612.2535487562
2300000000,19395858.8410565704
2400000000,19397109.6210609488
2500000000,19398364.5935598537
2600000000,19399623.3419447131
2700000000,19400886.2824713737
2800000000,19402152.5815760978
2900000000,19403418.8528414778
3000000000,19404694.3413876966
3100000000,19405972.0886425748
3200000000,19407254.0584404282
3300000000,19408537.0698295757
3400000000,19409826.9775643162
3500000000,19411122.7146019191
3600000000,19412416.6339407489
3700000000,19413714.8985703476
3800000000,19415021.5437649786
3900000000,19416327.3270732760
4000000000,19417641.6762853339
4100000000,19418952.7207526937
4200000000,19420274.6204226725
4300000000,19421596.3378462791
4400000000,19422925.5265671462
4500000000,19424256.4283693917
4600000000,19425594.0022419170
4700000000,19426928.9119393267
4800000000,19428270.4603914134
4900000000,19429619.7425817885
5000000000,19430969.6747425087
5100000000,19432319.4222505055
5200000000,19433677.7019768171
5300000000,19435042.6594721675
5400000000,19436404.9453655742
5500000000,19437774.7075492553
5600000000,19439152.2050949261
5700000000,19440525.1390250325
5800000000,19441907.4764828160
5900000000,19443292.3379904553
6000000000,19444682.1868961379
6100000000,19446071.6300480179
6200000000,19447465.4830265082
6300000000,19448865.9818318598
6400000000,19450271.5063868277
6500000000,19451677.0985330753
6600000000,19453090.1723267734
6700000000,19454502.8025415577
6800000000,19455925.0532082580
6900000000,19457344.6536011174
7000000000,19458774.1990342438
7100000000,19460207.3559292369
7200000000,19461640.0688849092
7300000000,19463077.8070762195
7400000000,19464518.0687704273
7500000000,19465962.5217860006
7600000000,19467412.7908228040
7700000000,19468869.1319269836
7800000000,19470325.0727068894
7900000000,19471786.2469110005
8000000000,19473254.0760961883
8100000000,19474719.8314332478
8200000000,19476192.4487746619
8300000000,19477669.3019967750
8400000000,19479153.0634114072
8500000000,19480633.6191062704
8600000000,19482122.1661673486
8700000000,19483614.6545567922
8800000000,19485111.5832676739
8900000000,19486610.7860517688
9000000000,19488114.1800831370
9100000000,19489619.8334926330
9200000000,19491128.0574613325
9300000000,19492643.9763036296
9400000000,19494164.6723413207
9500000000,19495688.1388507076
9600000000,19497212.8298045993
9700000000,19498744.4311380573
9800000000,19500276.6698898636
9900000000,19501815.8198420070
10000000000,19503356.3900742047
10100000000,19504903.8710351214
10200000000,19506452.8217770495
10300000000,19508004.0500300862
10400000000,19509560.5474097356
10500000000,19511120.1567750350
10600000000,19512686.6789634749
10700000000,19514254.6176678985
10800000000,19515829.5213058479
10900000000,19517405.0068305992
11000000000,19518981.7169160694
11100000000,19520565.5826779082
11200000000,19522152.5623794794
11300000000,19523743.9750477932
11400000000,19525342.8933634460
11500000000,19526941.5564246923
11600000000,19528541.7403460778
11700000000,19530149.6174958162
11800000000,19531763.3348778524
11900000000,19533375.1999802440
12000000000,20996076.8614419289
12100000000,20995348.5019114651
12200000000,20994628.2244476341
12300000000,20993915.6776889935
12400000000,20993209.2197914049
12500000000,20992510.9368678629
12600000000,20991817.0178764239
12700000000,20991135.8271829262
12800000000,20990458.4638211876
12900000000,20989790.6736455411
13000000000,20989129.9856921062
13100000000,20988470.8319818489
13200000000,20987821.2523486465
13300000000,20987182.9683827087
13400000000,20986550.0348274037
13500000000,20985923.6921504289
13600000000,20985301.7130589820
13700000000,20984691.1817119084
13800000000,20984085.0448834561
13900000000,20983491.9292979315
14000000000,20982897.1920627058
14100000000,20982316.2853410691
14200000000,20981740.5115260966
14300000000,20981169.1321640536
14400000000,20980606.7532824501
14500000000,20980054.3371186629
14600000000,20979508.6346348971
14700000000,20978964.8790116422
14800000000,20978432.1536948979
14900000000,20977904.6248564012
15000000000,20977386.1263637915
15100000000,20976876.3076054491
15200000000,20976369.7526973896
15300000000,20975873.6428040564
15400000000,20975382.8974831216
15500000000,20974901.1477395110
15600000000,20974423.7600974739
15700000000,20973955.4009761959
15800000000,20973494.1718106680
15900000000,20973039.6200829074
16000000000,20972589.8821630478
16100000000,20972153.9064079933
16200000000,20971717.5579779893
16300000000,20971293.0731699727
16400000000,20970875.2646913268
16500000000,20970461.8534388281
16600000000,20970055.1186202951
16700000000,20969659.7241374142
16800000000,20969267.2472175546
16900000000,20968882.9252664968
17000000000,20968508.9866295829
17100000000,20968141.7599547803
17200000000,20967778.3689237908
17300000000,20967424.1111084484
17400000000,20967074.6311944202
17500000000,20966734.1755535603
17600000000,20966402.3981857821
17700000000,20966074.3040270507
17800000000,20965753.9053272642
17900000000,20965443.5126213171
18000000000,18605233.3586224541
18100000000,18600323.3473645262
18200000000,18595414.6999123730
18300000000,18590511.6806828938
18400000000,18585614.3403828368
18500000000,18580719.1312224083
18600000000,18575827.5305044688
18700000000,18570944.0457629487
18800000000,18566061.8573179729
18900000000,18561186.8960037865
19000000000,18556312.8690896071
19100000000,18551444.5427620858
19200000000,18546579.4549702480
19300000000,18541719.2890570760
19400000000,18536866.3438357227
19500000000,18532017.5493443199
19600000000,18527170.3954185583
19700000000,18522328.1623427570
19800000000,18517491.9693053700
19900000000,18512658.6680176482
20000000000,18507829.4528710023
20100000000,18503006.7567535155
20200000000,18498185.7013232782
20300000000,18493370.3372167423
20400000000,18488560.6575767547
20500000000,18483753.4530052505
20600000000,18478950.7495734617
20700000000,18474152.1255226396
20800000000,18469358.4187920056
20900000000,18464571.5175924711
21000000000,18459786.3293930590
21100000000,18455006.0507682636
21200000000,18450229.4374193512
21300000000,18445457.3198658787
21400000000,18440693.2647192739
21500000000,18435932.5169747360
21600000000,18431173.8303570151
21700000000,18426417.6212193556
21800000000,18421671.1375614256
21900000000,18416925.8805757798
22000000000,18412185.1776308380
22100000000,18407452.4815386571
22200000000,18402720.2953431308
22300000000,18397993.0214307643
22400000000,18393273.3968974575
22500000000,18388552.6775883622
22600000000,18383839.2484613657
22700000000,18379132.6927037314
22800000000,18374431.0490902588
22900000000,18369730.2135700397
23000000000,18365034.7071164697
23100000000,18360343.2785618342
23200000000,18355657.1771670282
23300000000,18350975.5122384503
23400000000,18346299.9468245916
23500000000,18341627.2711402215
23600000000,18336961.4713106267
23700000000,18332294.9310020320
23800000000,18327637.7007371001
23900000000,18322980.5625345148
24000000000,18318332.6795333587
24100000000,18313686.9120993763
24200000000,18309044.8010479733
24300000000,18304408.7931145728
24400000000,18299776.4496785924
24500000000,18295151.8137152754
24600000000,18290528.8708664924
24700000000,18285909.9996462204
24800000000,18281298.3701104857
24900000000,18276688.9031053036
25000000000,18272084.2934134863
25100000000,18267483.3373810910
25200000000,18262888.4899433553
25300000000,18258296.9376854151
25400000000,18253710.6534212306
25500000000,18249131.2490825132
25600000000,18244553.5346078649
25700000000,18239981.0878732465
25800000000,18235415.1643279307
25900000000,18230852.1132573597
26000000000,18226292.7291150279
26100000000,18221738.2465550825
26200000000,18217188.6227348447
26300000000,18212645.9316557720
26400000000,18208105.2848468423
26500000000,18203566.7411694564
26600000000,18199035.0793262236
26700000000,18194511.0742605962
26800000000,18189988.8047068603
26900000000,18185474.2021698542
27000000000,18180961.2742711827
27100000000,18176452.8493239582
27200000000,18171949.2736504860
27300000000,18167450.2280823514
27400000000,18162958.8514307179
27500000000,18158466.3487298563
27600000000,18153983.5395537131
27700000000,18149503.6035183929
27800000000,18145027.3735859580
27900000000,18140556.0042744204
28000000000,18136089.9608130120
28100000000,18131627.9793183953
28200000000,18127173.6699128151
28300000000,18122720.6580632962
28400000000,18118272.9380158558
28500000000,18113829.6816192418
28600000000,18109394.1597648822
28700000000,18104960.6731961779
28800000000,18100531.3222780079
28900000000,18096106.8033765107
29000000000,18091686.7906143442
29100000000,18087274.4843415730
29200000000,18082861.4129149728
29300000000,18078458.4901567958
29400000000,18074057.6317517832
29500000000,18069661.2317672633
29600000000,18065269.3389431275
29700000000,18060885.5244231299
29800000000,18056503.0302685499
29900000000,18052122.9658601768
30000000000,18047753.0411327034
30100000000,18043384.7734239884
30200000000,18039024.2297099233
30300000000,18034662.8979455195
30400000000,18030309.2899246402
30500000000,18025962.5727375820
30600000000,18021618.3623665795
30700000000,18017278.2060690671
30800000000,18012946.5660101585
30900000000,17211790.3684062548
31000000000,17209716.3790637925
31100000000,17207649.8123104051
31200000000,17205588.8329543434
31300000000,17203531.8556184620
31400000000,17201476.3784561791
31500000000,17199429.7410589270
31600000000,17197386.7736004218
31700000000,17195345.6379912458
31800000000,17193309.9239215292
31900000000,17191278.6251241900
32000000000,17189251.2496620864
32100000000,17187232.4613773413
32200000000,17185214.9227483086
32300000000,17183202.9685336277
32400000000,17181192.2633168548
32500000000,17179188.6486599892
32600000000,17177189.7835300192
32700000000,17175193.0011318214
32800000000,17173201.8014966734
32900000000,17171216.6969032995
33000000000,17169233.4200484566
33100000000,17167258.5662239790
33200000000,17165285.1225113757
33300000000,17163316.6816921495
33400000000,17161352.9082828015
33500000000,17159390.7996362150
33600000000,17157438.2881797701
33700000000,17155485.8502182588
33800000000,17153539.8314795308
33900000000,17151599.2331690788
34000000000,17149659.8820576705
34100000000,17147725.2763668634
34200000000,17145798.5983615667
34300000000,17143873.4043129496
34400000000,17141952.6404557899
34500000000,17140039.3846524209
34600000000,17138128.4493590929
34700000000,17136218.4208240174
34800000000,17134316.2395156249
34900000000,17132415.5434479490
35000000000,17130522.5380442850
35100000000,17128631.5866877660
35200000000,17126747.9907644093
35300000000,17124865.3808281831
35400000000,17122991.0372678936
35500000000,17121120.6825689375
35600000000,17119249.8954166770
35700000000,17117388.7171349637
35800000000,17115526.5024008341
35900000000,17113671.5716663711
36000000000,17111821.5368329920
36100000000,17109973.2378071919
36200000000,17108135.1474544927
36300000000,17106296.0246714652
36400000000,17104463.1664892919
36500000000,17102633.4481672011
36600000000,17100808.3137918375
36700000000,17098989.7075819261
36800000000,17097172.6531710029
36900000000,17095358.0936362073
37000000000,17093553.1397116743
37100000000,17091747.4837260433
37200000000,17089948.4390098304
37300000000,17088154.3955679759
37400000000,17086362.3883890584
37500000000,17084577.3291893005
37600000000,17082796.7836013064
37700000000,17081018.1202409007
37800000000,17079243.7044942044
37900000000,17077476.6560254544
38000000000,17075711.2226216495
38100000000,17073950.1518434025
38200000000,17072193.9658294991
38300000000,17070441.3909642473
38400000000,17068694.3022030182
38500000000,17066948.3384365402
38600000000,17065210.0115989260
38700000000,17063472.3922524936
38800000000,17061743.0458099730
38900000000,17060014.6733668037
39000000000,17058291.4496629685
39100000000,17056574.7637798116
39200000000,17054859.7365826480
39300000000,17053150.0057555251
39400000000,17051444.4401577078
39500000000,17049742.6377027109
39600000000,17048045.8347997852
39700000000,17046350.0031431876
39800000000,17044662.1769198701
39900000000,17042978.4499994256
40000000000,17041296.5927578919
40100000000,17039621.6948310100
40200000000,17037948.3299796470
40300000000,17036279.4006409720
40400000000,17034617.7241394557
40500000000,17032954.4269749075
40600000000,17031299.1344604455
40700000000,17029647.5257154629
40800000000,17028003.9225603752
40900000000,17026358.0079508051
41000000000,17024719.8903191239
41100000000,17023083.2194410823
41200000000,17021454.0739703923
41300000000,17019826.6465726271
41400000000,17018205.4939337485
41500000000,17016589.4210663661
41600000000,17014971.7848995253
41700000000,17013364.1218058132
41800000000,17011755.2498123236
41900000000,17010153.5489303619
42000000000,17008556.0936406814
42100000000,17006966.2263157032
42200000000,17005374.7313680649
42300000000,17003786.9224064276
42400000000,17002207.2602675967
42500000000,17000631.2846389003
42600000000,16999057.4401524514
42700000000,16997487.5646409802
42800000000,16995922.2093194835
42900000000,16994363.8846398965
43000000000,16992804.0698367879
43100000000,16991253.8180784769
43200000000,16989705.8356439918
43300000000,16988159.0892995857
43400000000,16986619.5141009167
43500000000,16985084.4605261981
43600000000,16983549.9483802021
43700000000,16982023.4411230870
43800000000,16980500.7610964663
43900000000,16978976.8636260703
44000000000,16977462.8689343110
44100000000,16975950.8595747352
44200000000,16974442.4827532433
44300000000,16972938.2681707777
44400000000,16971442.1961180009
44500000000,16969943.6533101946
44600000000,16968452.5055966899
44700000000,16966965.1849326715
44800000000,16965479.7076479048
44900000000,16964001.8181895912
45000000000,16962524.6909503676
45100000000,16961055.2060619481
45200000000,16959586.4839972444
45300000000,16958122.0592267849
45400000000,16956662.2943931296
45500000000,16955209.7004037537
45600000000,16953755.0486807600
45700000000,16952307.7964255698
45800000000,16950864.9746950492
45900000000,16949426.2613411993
46000000000,16947988.8335798346
46100000000,16946558.2410096116
46200000000,16945132.1743831895
46300000000,16943707.8097627833
46400000000,16942286.8532850333
46500000000,16940870.5561168566
46600000000,16939461.4297607578
46700000000,16938053.1187862530
46800000000,16936649.5177296698
46900000000,16935249.6095868535
47000000000,16933851.6140457243
47100000000,16932460.5256826878
47200000000,16931073.3937437162
47300000000,16929693.2517820783
47400000000,16928312.0598122813
47500000000,16926935.0275104381
47600000000,16925561.3536878340
47700000000,16924195.2675991617
47800000000,16922830.4613431469
47900000000,16921469.4308403805
48000000000,16920113.9889752083
48100000000,16918763.8242578320
48200000000,16917413.0198243931
48300000000,16916068.9211298637
48400000000,16914729.3989417516
48500000000,16913393.2843688615
48600000000,16912058.8631606698
48700000000,16910731.5191632658
48800000000,16909405.6260657012
48900000000,16908085.9768001847
49000000000,16906768.4370283112
49100000000,16905457.1881354526
49200000000,16904147.6312099509
49300000000,16902842.7321550138
49400000000,16901538.3995339870
49500000000,16900241.1917822734
49600000000,16898948.0978658870
49700000000,16897658.7014573179
49800000000,16896373.7161037922
49900000000,16895090.4197601043
50000000000,16893810.8208623491
50100000000,16892538.4737990573
50200000000,16891269.8248290680
50300000000,16890002.4472010210
50400000000,16888742.3218669482
50500000000,16887483.4668814465
50600000000,16886225.4220325463
50700000000,16884977.3938695267
50800000000,16883727.4534081332
50900000000,16882484.6409408823
51000000000,16881246.4031080045
51100000000,16880011.9878062643
51200000000,16878778.3822278306
51300000000,16877552.4867371097
51400000000,16876326.8612134196
51500000000,16875108.9046595432
51600000000,16873891.7978224903
51700000000,16872678.9298787713
51800000000,16871469.8019996770
51900000000,16870264.9129926786
52000000000,16869064.2628529333
52100000000,16867870.3660828248
52200000000,16866674.8026298322
52300000000,16865482.9395625442
52400000000,16864301.2603678629
52500000000,16863117.4962104931
52600000000,16861938.3053655699
52700000000,16860765.9495360628
52800000000,16859597.2955184206
52900000000,16858429.9042196609
53000000000,16857266.4530788660
53100000000,16856107.1207659282
53200000000,16854951.9447207190
53300000000,16853801.1620381549
53400000000,16852653.5097084902
53500000000,16851507.7711930871
53600000000,16850367.7977342196
53700000000,16849236.2453500479
53800000000,16848101.8866276219
53900000000,16846972.1000535563
54000000000,16845848.6141562425
54100000000,16844726.7683504112
54200000000,16843608.7431694269
54300000000,16842497.0543263070
54400000000,16841384.6746111177
54500000000,16840281.3443182036
54600000000,16839176.5216342956
54700000000,16838081.1675397083
54800000000,16836987.1852991097
54900000000,16835894.1233406216
55000000000,16834808.2309848182
55100000000,16833726.0438301042
55200000000,16832645.0781834535
55300000000,16831570.5631621368
55400000000,16830497.6863429472
55500000000,16829428.6290601492
55600000000,16828366.2109495178
55700000000,16827302.2572461814
55800000000,16826247.4787859656
55900000000,16825191.4667365216
56000000000,16824141.7595040910
56100000000,16823096.7362314090
56200000000,16822055.0025481544
56300000000,16821017.9523707367
56400000000,16819984.3042591624
56500000000,16818951.8763648979
56600000000,16817923.7135029808
56700000000,16816901.8568601944
56800000000,16815880.8029608913
56900000000,16814867.3359424025
57000000000,16813854.6715189479
57100000000,16812845.9365537763
57200000000,16811840.9377869442
57300000000,16810839.6475074962
57400000000,16809842.6204574443
57500000000,16808846.5048873462
57600000000,16807860.4384145439
57700000000,16806872.2937324718
57800000000,16805891.2915050909
57900000000,16804910.3657304347
58000000000,16803936.9179291613
58100000000,16802964.7965777740
58200000000,16801995.9937507920
58300000000,16801034.3346783146
58400000000,16800070.2582804859
58500000000,16799113.7679890804
58600000000,16798160.9874916375
58700000000,16797212.0499834605
58800000000,16796266.3806402199
58900000000,16795325.4124165289
59000000000,16794385.3261606582
59100000000,16793451.5754209608
59200000000,16792521.9526165277
59300000000,16791593.5702903830
59400000000,16790668.6939419471
59500000000,16789751.2983984537
59600000000,16788833.9502151683
59700000000,16787921.1934487782
59800000000,16787014.7268534154
59900000000,16786109.6038137861
60000000000,16785204.9667744897
60100000000,16784307.8112156652
60200000000,16783413.9514051974
60300000000,16782524.0122684389
60400000000,16781635.7264314853
60500000000,16780752.9207560457
60600000000,16779875.1000353359
60700000000,16778998.1802930161
60800000000,16778124.6595802382
60900000000,16777258.2057126909
61000000000,16776392.6516786162
61100000000,16775530.4966431316
61200000000,16774672.5941180289
61300000000,16773818.8221534081
61400000000,16772968.3474546988
61500000000,16772122.2264995240
61600000000,16771279.8387889136
61700000000,16770441.1466241926
61800000000,16769603.4714205787
61900000000,16768769.0935042035
62000000000,16767942.3017793931
62100000000,16767115.8889262117
62200000000,16766297.0623507649
62300000000,16765475.7944481242
62400000000,16764663.6648800448
62500000000,16763852.4303855374
62600000000,16763045.8616587278
62700000000,16762245.5291388426
62800000000,16761443.1533068493
62900000000,16760647.5296260118
63000000000,16759856.0550370943
63100000000,16759065.0409792438
63200000000,16758281.2111791614
63300000000,16757497.7432790920
63400000000,16756721.4447084051
63500000000,16755946.0377320871
63600000000,16755174.3622374274
63700000000,16754409.4245818183
63800000000,16753645.3779765442
63900000000,16752885.0624949746
64000000000,16752128.9780976474
64100000000,16751376.3042549621
64200000000,16750627.7651339956
64300000000,16749882.6231545098
64400000000,16749138.3696928266
64500000000,16748400.7728428748
64600000000,16747667.4196267165
64700000000,16746934.5242987201
64800000000,16746208.7032920122
64900000000,16745483.7810599357
65000000000,16744762.6718835104
65100000000,16744045.2816858515
65200000000,16743333.7987747751
65300000000,16742624.0468702186
65400000000,16741914.6689910088
65500000000,16741212.8768425751
65600000000,16740517.4095523544
65700000000,16739819.4806434382
65800000000,16739128.6276036575
65900000000,16738438.5654562991
66000000000,16737755.3478741478
66100000000,16737076.2674475480
66200000000,16736397.1437728461
66300000000,16735724.8552105837
66400000000,16735053.7825833801
66500000000,16734386.4393533282
66600000000,16733725.9229393825
66700000000,16733065.7879772838
66800000000,16732409.8895874266
66900000000,16731755.1973125059
67000000000,16731109.3481030762
67100000000,16730461.4459410217
67200000000,16729820.6226120777
67300000000,16729180.2611502055
67400000000,16728547.0683667939
67500000000,16727914.6645794269
67600000000,16727288.5894541722
67700000000,16726663.3977055494
67800000000,16726042.3456177637
67900000000,16725427.7168466821
68000000000,16724814.1997657567
68100000000,16724201.6566900667
68200000000,16723597.8696442284
68300000000,16722995.3796537872
68400000000,16722393.6771191284
68500000000,16721798.7262614015
68600000000,16721208.0034976769
68700000000,16720620.1712675616
68800000000,16720036.5708553288
68900000000,16719456.7818464935
69000000000,16718874.9304665122
69100000000,16718303.0963624846
69200000000,16717731.3008412682
69300000000,16717163.2303784546
69400000000,16716601.9120027628
69500000000,16716038.9446680285
69600000000,16715485.1627491973
69700000000,16714243.2151167523
69800000000,16711967.4674718305
69900000000,16709697.0041742772
70000000000,16707433.0137219597
70100000000,16705174.3291493785
70200000000,16702920.9504716191
70300000000,16700670.7849576250
70400000000,16698432.0888871588
70500000000,16696196.1884576660
70600000000,16693962.6891147811
70700000000,16691742.0183826480
70800000000,16689523.2013349589
70900000000,16687310.2146909777
71000000000,16685103.1514768898
71100000000,16682901.9426724501
71200000000,16680705.9069461953
71300000000,16678516.5601293948
71400000000,16676332.3010927308
71500000000,16674156.8031758349
71600000000,16671984.4055521432
71700000000,16669817.8643457536
71800000000,16667656.8012458272
71900000000,16665504.9430035204
72000000000,16663355.3489982057
72100000000,16661211.4769554250
72200000000,16659076.2586657293
72300000000,16656944.2478185352
72400000000,16654818.2906133309
72500000000,16652698.0553217549
72600000000,16650585.6149421539
72700000000,16648476.8236379419
72800000000,16646374.0857059881
72900000000,16644279.1427869145
73000000000,16642190.7558861207
73100000000,16640105.1838226933
73200000000,16638028.1553066149
73300000000,16635950.9795420766
73400000000,16633885.8115467764
73500000000,16631823.3168942593
73600000000,16629772.5558121242
73700000000,16627721.9212980941
73800000000,16625679.4409767669
73900000000,16623640.2771696281
74000000000,16621609.6571504250
74100000000,16619582.2386625614
74200000000,16617563.0614895560
74300000000,16615547.5312420037
74400000000,16613543.4824841358
74500000000,16611539.2799344976
74600000000,16609544.1536368839
74700000000,16607551.6944858804
74800000000,16605567.4780036621
74900000000,16603589.3995334506
75000000000,16601617.4891167078
75100000000,16599648.3607031275
75200000000,16597688.1931118220
75300000000,16595733.7467072736
75400000000,16593784.6045501921
75500000000,16591842.3476214465
75600000000,16589905.4817719162
75700000000,16587974.2500291578
75800000000,16586049.0381170660
75900000000,16584129.6654470880
76000000000,16582216.3122215811
76100000000,16580308.2628261577
76200000000,16578407.2169716191
76300000000,16576511.4751087539
76400000000,16574621.3028485756
76500000000,16572736.8831775915
76600000000,16570856.0745761432
76700000000,16568986.7862414997
76800000000,16567120.2423697393
76900000000,16565260.2855651118
77000000000,16563405.6326921806
77100000000,16561560.0291777086
77200000000,16559717.1466909088
77300000000,16557877.4229486529
77400000000,16556049.3105053697
77500000000,16554224.3017820157
77600000000,16552404.6845717710
77700000000,16550591.9505641405
77800000000,16548787.4665436819
77900000000,16546986.0506019872
78000000000,16545190.8059980758
78100000000,16543404.1946475357
78200000000,16541623.7555084191
78300000000,16539846.0890356116
78400000000,16538073.9842715748
78500000000,16536311.4519570209
78600000000,16534552.0730256438
78700000000,16532797.5801138766
78800000000,16531052.9186502043
78900000000,16529310.1580768824
79000000000,16527577.3539392501
79100000000,16525850.1452485640
79200000000,16524126.2481564004
79300000000,16522410.9326809924
79400000000,16520698.7668328099
79500000000,16518995.5995989423
79600000000,16517295.2007137723
79700000000,16515603.5625285935
79800000000,16513915.3474071752
79900000000,16512238.8461630847
80000000000,16510562.0329032224
80100000000,16508895.3074668515
80200000000,16507229.8056369424
80300000000,16505577.7629560009
80400000000,16503924.9884738065
80500000000,16502281.3040459882
80600000000,16500640.8404878993
80700000000,16499012.3836726211
80800000000,16497384.0643755980
80900000000,16495764.0922540762
81000000000,16494152.9929912444
81100000000,16492543.0823253840
81200000000,16490941.8859630078
81300000000,16489345.4066101890
81400000000,16487756.3537550960
81500000000,16486172.4335882422
81600000000,16484595.2364382837
81700000000,16483023.2113802508
81800000000,16481458.1563704722
81900000000,16479898.4036051892
82000000000,16478344.6964001134
82100000000,16476797.0847637672
82200000000,16475255.6495806351
82300000000,16473723.7263023201
82400000000,16472194.1466707774
82500000000,16470670.5710033812
82600000000,16469154.0064422302
82700000000,16467642.2854872327
82800000000,16466137.4433568045
82900000000,16464640.8213645481
83000000000,16463147.8336111885
83100000000,16461660.5646269359
83200000000,16460182.8519272897
83300000000,16458710.6825362127
83400000000,16457239.1851085369
83500000000,16455778.8703718316
83600000000,16454322.4715011213
83700000000,16452874.4712428730
83800000000,16451429.9265150931
83900000000,16449991.5605310518
84000000000,16448561.6977964230
84100000000,16447138.9836424366
84200000000,16445720.9754969124
84300000000,16444306.5994921625
84400000000,16442898.6396712363
84500000000,16441496.5341060646
84600000000,16440103.8537711110
84700000000,16438716.4307064414
84800000000,16437332.9194102399
84900000000,16435958.6458674930
85000000000,16434589.9540758152
85100000000,16433227.3975473251
85200000000,16431868.0099196993
85300000000,16430517.5861392282
85400000000,16429173.3431027904
85500000000,16427835.6524259802
85600000000,16426500.6666341815
85700000000,16425174.8296300098
85800000000,16423854.9889473096
85900000000,16422541.7466884647
86000000000,16421233.7593456563
86100000000,16419929.6791960299
86200000000,16418634.3787022550
86300000000,16417348.5068123490
86400000000,16416062.8311742190
86500000000,16414788.6725780610
86600000000,16413518.5602576993
86700000000,16412250.8716506995
86800000000,16410995.8589236885
86900000000,16409743.7344994377
87000000000,16408497.2801073603
87100000000,16407257.7009707689
87200000000,16406024.3050251976
87300000000,16404799.4085525088
87400000000,16403577.8167083543
87500000000,16402359.7102328073
87600000000,16401153.6837244947
87700000000,16399950.8191824593
87800000000,16398754.3632212356
87900000000,16397566.5984903760
88000000000,16396381.9943907987
88100000000,16395204.4081879873
88200000000,16394035.5141769703
88300000000,16392869.1695504356
88400000000,16391709.8429127187
88500000000,16390559.6761422232
88600000000,16389412.4739881586
88700000000,16388274.5262568686
88800000000,16387142.6190320309
88900000000,16386013.8193019461
89000000000,16384891.4760231320
89100000000,16383778.3891846631
89200000000,16382671.2912773136
89300000000,16381568.2359026559
89400000000,16380470.0120657068
89500000000,16379382.0562712848
89600000000,16378299.7659732290
89700000000,16377224.0787709467
89800000000,16376151.1302398704
89900000000,16375088.1285386179
90000000000,16374030.6968176626
90100000000,16372976.8893666994
90200000000,16371932.1425906587
90300000000,16370890.8715971503
90400000000,16369858.8627274707
90500000000,16368835.8203832060
90600000000,16367813.3677719310
90700000000,16366799.4639576748
90800000000,16365792.7306926381
90900000000,16364791.5653421115
91000000000,16363796.8969542831
91100000000,16362808.2666797880
91200000000,16361826.3369008973
91300000000,16360850.3910363317
91400000000,16359881.0503476802
91500000000,16358917.7890960723
91600000000,16357960.5654789228
91700000000,16357009.8374057487
91800000000,16356065.4489438850
91900000000,16355129.8761735689
92000000000,16354198.4380376041
92100000000,16353270.0525760185
92200000000,16352353.2977011856
92300000000,16351440.5812628716
92400000000,16350533.9982524179
92500000000,16349635.9090998638
92600000000,16348742.2744519319
92700000000,16347854.8295477796
92800000000,16346976.0313431807
92900000000,16346100.7969565559
93000000000,16345235.0036302675
93100000000,16344372.7733341344
93200000000,16343516.6762848292
93300000000,16342669.9633237012
93400000000,16341828.9668164197
93500000000,16340991.6866964139
93600000000,16340161.1220899355
93700000000,16339339.3596338145
93800000000,16338521.0610169023
93900000000,16337712.4571825154
94000000000,16336909.6760385241
94100000000,16336113.6006353535
94200000000,16335317.6778840553
94300000000,16334537.5960913263
94400000000,16333757.1906160861
94500000000,16332986.3847800102
94600000000,16332221.9725446124
94700000000,16331463.6933353115
94800000000,16330709.3891023602
94900000000,16329964.2096465975
95000000000,16329225.2231142316
95100000000,16328492.5691749752
95200000000,16327763.5321983416
95300000000,16327043.6208289340
95400000000,16326330.2594598588
95500000000,16325623.2895446122
95600000000,16324922.1941207983
95700000000,16324231.3789085317
95800000000,16323543.4824485816
95900000000,16322858.9441567548
96000000000,16322183.7907255553
96100000000,16321515.1869145557
96200000000,16320853.1327423118
96300000000,16320200.2071995959
96400000000,16319551.1541400142
96500000000,16318907.7547303569
96600000000,16318271.3839483317
96700000000,16317641.1456445176
96800000000,16317020.2930630296
96900000000,16316403.1541224159
97000000000,16315791.9863444604
97100000000,16315187.6230599731
97200000000,16314593.0319860112
97300000000,16314003.9949945230
97400000000,16313418.8627674785
97500000000,16312839.9258439410
97600000000,16312270.9545029942
97700000000,16311705.4341899082
97800000000,16311145.9822226949
97900000000,16310595.6623739675
98000000000,16310049.3727652673
98100000000,16309512.6332719717
98200000000,16308979.2785285041
98300000000,16308455.0569198877
98400000000,16307934.3833139483
98500000000,16307422.6788608935
98600000000,16306918.1702608839
98700000000,16306419.9813037664
98800000000,16305925.4045209195
98900000000,16305440.2138779461
99000000000,16304961.7378282212
99100000000,16304486.2252754401
99200000000,16304020.7477237862
99300000000,16303561.3365429603
99400000000,16303108.7913366184
99500000000,16302662.3118543066
99600000000,16302219.4432457574
99700000000,16301785.7109042257
99800000000,16301362.3666910827
99900000000,16300939.4609716237
100000000000,16300528.3815708328
100100000000,16300117.9215567820
100200000000,16299717.2508529052
100300000000,16299326.5528097246
100400000000,16298938.8122437019
100500000000,16298557.2034483869
100600000000,16298182.9773079883
100700000000,16297814.7821597829
100800000000,16297456.2442969270
100900000000,16297101.1468323264
101000000000,16296752.5297536198
101100000000,16296410.7768501770
101200000000,16296075.3252380043
101300000000,16295750.1642137300
101400000000,16295427.6400801316
101500000000,16295111.6643588785
101600000000,16294802.7234015968
101700000000,16294500.1604945753
101800000000,16294206.6694964822
101900000000,16293917.2032578476
102000000000,16293637.7832049839
102100000000,16293363.8367099389
102200000000,16293094.2612874676
102300000000,16292833.8990169726
102400000000,16292577.4906648155
102500000000,16292330.1554614902
102600000000,16292087.0883243773
102700000000,16291853.1649753116
102800000000,16291626.2782469094
102900000000,16291405.2789648157
103000000000,16291187.9878432564
103100000000,16290980.9903824739
103200000000,16290780.1247012988
103300000000,16290582.7931088507
103400000000,16290395.2668455485
103500000000,16290214.0462547261
103600000000,16290039.1996651124
103700000000,16289868.7922812719
103800000000,16289710.2996127736
103900000000,16289552.9886781834
104000000000,16289405.0663208906
104100000000,16289266.7085463665
104200000000,16289129.2832234185
104300000000,16289003.8464663308
104400000000,16288881.9409599751
104500000000,16288767.4907746203
104600000000,16288656.5711187031
104700000000,16288557.7444746122
104800000000,16288463.1787985880
104900000000,16288374.9212026242
105000000000,16288293.4514799397
105100000000,16288221.4454477634
105200000000,16288153.0717671160
105300000000,16288091.9766408727
105400000000,16288036.5208688006
105500000000,16287988.5213370249
105600000000,16287949.6730281860
105700000000,16287914.5908400379
105800000000,16287889.5693083443
105900000000,16287867.9995873887
106000000000,16287855.9987738486
106100000000,16287848.0174296740
106200000000,16287846.8210448418
106300000000,16287854.7773443591
106400000000,16287866.6763100233
106500000000,16287888.5624301992
106600000000,16287915.9822665788
106700000000,16287948.2541926820
106800000000,16287989.6035228670
106900000000,16288035.3875936698
107000000000,16288093.7670820225
107100000000,16288149.0242176075
107200000000,16288217.7108506113
107300000000,16288295.9699448813
107400000000,16288375.2219672315
107500000000,16288463.7867757864
107600000000,16288558.9770981539
107700000000,16288657.6111678630
107800000000,16288769.3393265121
107900000000,16288885.0064572897
108000000000,16289007.0381580312
108100000000,16289133.5029944312
108200000000,16289272.0734275039
108300000000,16289412.0502057597
108400000000,16289561.1056160200
108500000000,16289720.0482758544
108600000000,16289879.4826889709
108700000000,16290052.7715658639
108800000000,16290228.5611238088
108900000000,16290411.9963529669
109000000000,16290601.2975708507
109100000000,16290801.5059620440
109200000000,16291003.9016379360
109300000000,16291214.4068354778
109400000000,16291431.2280789595
109500000000,16291654.4106736835
109600000000,16291885.4719456024
109700000000,16292125.4272573665
109800000000,16292369.5834895149
109900000000,16292623.0504116490
110000000000,16292880.9481065292
110100000000,16293145.3929027822
110200000000,16293419.2295780964
110300000000,16293699.8012008388
110400000000,16293984.5337881278
110500000000,16294279.3452995978
110600000000,16294580.4338715319
110700000000,16294885.7235167865
110800000000,16295200.8224045876
110900000000,16295522.4685778823
111000000000,16295848.0446988288
111100000000,16296183.2021988500
111200000000,16296522.0999526605
111300000000,16296871.4960474987
111400000000,16297226.9392492883
111500000000,16297589.8467361983
111600000000,16297959.7184965275
111700000000,16298335.5302621685
111800000000,16298719.1398657858
111900000000,16299105.8430612423
112000000000,16299502.5464116614
112100000000,16299909.5609084200
112200000000,16300317.0480286703
112300000000,16300734.2263414580
112400000000,16301158.4868128635
112500000000,16301589.4858242068
112600000000,16302030.2951611113
112700000000,16302475.7243992612
112800000000,16302927.0061699580
112900000000,16303385.0589101203
113000000000,16303850.7702188399
113100000000,16304323.2524303924
113200000000,16304805.3213040531
113300000000,16305291.3140612934
113400000000,16305783.8537136149
113500000000,16306286.6207349952
113600000000,16306793.5908458084
113700000000,16307309.8686537500
113800000000,16307827.5307182875
113900000000,16308357.6279775091
114000000000,16308894.3800557721
114100000000,16309435.3628548086
114200000000,16309986.8554245979
114300000000,16310544.3909803759
114400000000,16311105.6517436299
114500000000,16311677.4233434983
114600000000,16312253.7280405406
114700000000,16312838.5055190790
114800000000,16313427.5109909307
114900000000,16314026.7205590177
115000000000,16314633.6192239970
115100000000,16315243.5145309158
115200000000,16315863.0010903645
115300000000,16316493.8361372054
115400000000,16317124.5128069669
115500000000,16317764.6925616954
115600000000,16318412.7587129530
115700000000,16319067.3712580781
115800000000,16319725.9899645839
115900000000,16320397.3780868798
116000000000,16321072.6827208512
116100000000,16321755.0403250437
116200000000,16322444.7784289289
116300000000,16323140.3571916074
116400000000,16323844.0221173074
116500000000,16324554.0341127552
116600000000,16325274.1485399306
116700000000,16325995.2553977184
116800000000,16326725.7401813418
116900000000,16327464.3296138719
117000000000,16328212.0983654466
117100000000,16328963.6895122565
117200000000,16329722.7518336996
117300000000,16330491.2099570725
117400000000,16331267.5569337141
117500000000,16332044.2568546012
117600000000,16332833.6049732044
117700000000,16333627.3738537673
117800000000,16334431.3729790729
117900000000,16335238.3571126033
118000000000,16336056.2825306524
118100000000,16336877.7018308844
118200000000,16337712.4966414031
118300000000,16338548.6762961224
118400000000,16339390.7818669770
118500000000,16340243.4139351360
118600000000,16341099.9553511757
118700000000,16341969.2710538600
118800000000,16342839.9516343642
118900000000,16343720.2325936165
119000000000,16344608.4043318499
119100000000,16345503.0287535693
119200000000,16346400.9394611996
119300000000,16347310.0009487737
119400000000,16348228.8768511973
119500000000,16349147.4704039749
119600000000,16350077.6333246641
119700000000,16351014.1368435901
119800000000,16351957.8090690430
119900000000,16352908.7503861729
120000000000,16353865.9368357584
120100000000,16354831.2211440857
120200000000,16355805.8078039717
120300000000,16356781.3364505880
120400000000,16357770.3615007121
120500000000,16358763.2911607269
120600000000,16359762.7667829487
120700000000,16360770.3448673524
120800000000,16361787.0151162110
120900000000,16362807.5886556134
121000000000,16363835.6381882131
121100000000,16364873.9196215179
121200000000,16365916.3120292202
121300000000,16366965.4587098453
121400000000,16368024.6293002944
121500000000,16369090.5537605416
121600000000,16370157.9439689983
121700000000,16371238.3080022056
121800000000,16372326.0520819444
121900000000,16373420.2446842380
122000000000,16374518.6422288083
122100000000,16375627.6922874283
122200000000,16376740.0148288719
122300000000,16377862.8782184869
122400000000,16378993.0233635604
122500000000,16380126.6504944358
122600000000,16381270.1916217227
122700000000,16382421.9464125317
122800000000,16383579.3143060692
122900000000,16384744.5778703913
123000000000,16385916.8040920068
123100000000,16387093.6488347091
123200000000,16388282.6539843846
123300000000,16389472.9072164148
123400000000,16390673.7053455319
123500000000,16391884.7369448431
123600000000,16393095.4605159815
123700000000,16394320.8346692324
123800000000,16395549.6876834240
123900000000,16396786.0205575023
124000000000,16398029.0020619966
124100000000,16399278.9458045773
124200000000,16400536.5836357139
124300000000,16401800.8693999406
124400000000,16403075.0725330487
124500000000,16404353.8010161575
124600000000,16405639.2772270478
124700000000,16406932.1326531507
124800000000,16408235.0201574881
124900000000,16409542.3190565482
125000000000,16410859.3334083539
125100000000,16412180.5576530322
125200000000,16413512.0160914194
125300000000,16414847.2640348617
125400000000,16416192.4313085750
125500000000,16417542.9568953458
125600000000,16418905.2234989721
125700000000,16420269.4573148638
125800000000,16421642.8917886745
125900000000,16423021.5698864516
126000000000,16424410.0656644814
126100000000,16425804.5867296066
126200000000,16427204.3509524651
126300000000,16428614.1508131307
126400000000,16430030.9132219572
126500000000,16431454.9407489989
126600000000,16432886.4621757790
126700000000,16434324.4145416766
126800000000,16435766.5672748350
126900000000,16437219.0590608157
127000000000,16438678.7324117236
127100000000,16440145.5657578651
127200000000,16441618.5274354909
127300000000,16443103.1955692098
127400000000,16444587.2024739701
127500000000,16446086.3174262978
127600000000,16447588.1588705648
127700000000,16449098.3185805734
127800000000,16450614.6066458188
127900000000,16452141.7685997132
128000000000,16453672.5944062937
128100000000,16455210.3819642514
128200000000,16456755.5484574568
128300000000,16458312.1127476227
128400000000,16459871.2036529481
128500000000,16461437.9748474453
128600000000,16463014.2638978660
128700000000,16464595.3763204385
128800000000,16466186.1135632563
128900000000,16467785.4811606631
129000000000,16469387.3640335146
129100000000,16471000.6564574577
129200000000,16472620.2710734978
129300000000,16474244.0675607193
129400000000,16475875.0497367475
129500000000,16477516.3846504595
129600000000,16479164.5656348839
129700000000,16480820.5427611582
129800000000,16482479.5657144822
129900000000,16484149.7676685713
130000000000,16485827.4652237482
130100000000,16487511.5916353315
130200000000,16489202.9887028709
130300000000,16490901.4564289171
130400000000,16492607.4946722202
130500000000,16494320.3037471212
130600000000,16496040.2660581712
130700000000,16497767.1903434005
130800000000,16499498.4085289091
130900000000,16501243.7026212271
131000000000,16502992.1202231310
131100000000,16504748.4433598723
131200000000,16506514.3975839410
131300000000,16508283.7008463237
131400000000,16510062.2712979298
131500000000,16511845.6876164470
131600000000,16513638.5994214229
131700000000,16515440.4987184331
131800000000,16517246.4681875948
131900000000,16519058.9757374041
132000000000,16520883.4294980802
132100000000,16522711.1117320564
132200000000,16524548.8442842942
132300000000,16526390.8671957087
132400000000,16528242.9411848616
132500000000,16530102.1646730490
132600000000,16531965.4902298041
132700000000,16533835.9646661095
132800000000,16535717.5489541329
132900000000,16537605.2239459679
133000000000,16539497.0004512556
133100000000,16541400.0749416444
133200000000,16543309.0521584265
133300000000,16545223.3762563039
133400000000,16547147.7537597921
133500000000,16549078.2190549206
133600000000,16551016.9376987927
133700000000,16552959.7115171719
133800000000,16554912.5396823399
133900000000,16556872.0975510422
134000000000,16558842.3594931271
134100000000,16560813.5816981159
134200000000,16562798.3693725485
134300000000,16564786.1914898176
134400000000,16566782.2262420282
134500000000,16568784.8060418479
134600000000,16570796.0109325461
134700000000,16572815.7925366852
134800000000,16574840.5044707395
134900000000,16576868.4362295438
135000000000,16578911.4182761665
135100000000,16580956.1344956718
135200000000,16583010.1273349207
135300000000,16585073.3446555249
135400000000,16587140.1962274648
135500000000,23985270.0340914316
135600000000,23982536.4699595608
135700000000,23979812.1049571000
135800000000,23977095.3346389458
135900000000,23974384.2974174581
136000000000,23971682.8860675693
136100000000,23968988.6408221684
136200000000,23966304.2555912808
136300000000,23963628.2333694212
136400000000,23960955.5067907572
136500000000,23958295.2572150826
136600000000,23955639.5540066063
136700000000,23952996.9264790677
136800000000,23950359.6269222572
136900000000,23947728.8899284266
137000000000,23945107.9444881864
137100000000,23942495.8417311162
137200000000,23939888.4651186317
137300000000,23937293.1479129381
137400000000,23934702.7227651104
137500000000,23932120.7221902087
137600000000,23929547.3320503905
137700000000,23926983.3663857207
137800000000,23924425.4886995666
137900000000,23921879.7346543223
138000000000,23919337.8576465771
138100000000,23916805.6023042277
138200000000,23914281.9342925325
138300000000,23911764.2416834682
138400000000,23909257.7703427076
138500000000,23906757.2737884969
138600000000,23904264.9461323805
138700000000,23901783.0725793391
138800000000,23899304.6568368524
138900000000,23896837.9453955367
139000000000,23894378.9843686000
139100000000,23891928.7935622372
139200000000,23889486.0031864159
139300000000,23887050.2073826790
139400000000,23884623.1811905950
139500000000,23882205.7459635250
139600000000,23879798.1696680412
139700000000,23877396.1496562511
139800000000,23875002.2927444614
139900000000,23872617.2033684999
140000000000,23870240.5341486335
140100000000,23867872.4433032796
140200000000,23865511.9381710440
140300000000,23863161.0331176892
140400000000,23860816.5160704218
140500000000,23858482.4498303197
140600000000,23856154.8579730913
140700000000,23853834.2443917692
140800000000,23851525.5205272064
140900000000,23849223.3403257318
141000000000,23846932.2159247473
141100000000,23844644.7693110146
141200000000,23842367.3548432589
141300000000,23840099.7638356313
141400000000,23837838.6597978696
141500000000,23835588.5108311214
141600000000,23833345.8363102563
141700000000,23831109.5477306806
141800000000,23828884.7309375294
141900000000,23826665.6199222580
142000000000,23824455.4948941506
142100000000,23822252.9517912418
142200000000,23820062.4496067166
142300000000,23817878.7494625263
142400000000,23815700.1836439893
142500000000,23813532.3662933558
142600000000,23811374.2552337907
142700000000,23809225.1275546029
142800000000,23807082.8972132765
142900000000,23804947.8847785667
143000000000,23802822.0461980514
143100000000,23800704.6217251271
143200000000,23798597.7907496914
143300000000,23796501.6508880556
143400000000,23794408.5146637298
143500000000,23792326.2180509083
143600000000,23790252.1862471253
143700000000,23788185.4438739605
143800000000,23786128.7272075824
143900000000,23784080.8400693163
144000000000,23782039.4819127694
144100000000,23780008.2958257236
144200000000,23777985.7705626972
144300000000,23775969.9893388040
144400000000,23773969.9389531910
144500000000,23771969.2421641983
144600000000,23769980.8489709534
144700000000,23768000.8664551601
144800000000,23766031.8867233433
144900000000,23764070.0443944000
145000000000,23762114.5826164670
145100000000,23760169.7045597099
145200000000,23758234.0701919347
145300000000,23756304.3211620376
145400000000,23754386.6791916229
145500000000,23752477.1718685329
145600000000,23750572.0147890076
145700000000,23748680.9153828658
145800000000,23746795.7782569230
145900000000,23744920.0251895413
146000000000,23743054.7099203840
146100000000,23741194.0819343515
146200000000,23739345.1419576593
146300000000,23737503.9167137668
146400000000,23735672.6873648427
146500000000,23733846.8042411357
146600000000,23732033.6402322054
146700000000,23730226.1593130454
146800000000,23728430.9805465005
146900000000,23726641.4836891517
147000000000,23724863.8120436892
147100000000,23723091.2663309537
147200000000,23721328.7945218161
147300000000,23719572.6188655309
147400000000,23717831.1290720366
147500000000,23716092.3185050189
147600000000,23714366.7798200212
147700000000,23712649.2288249694
147800000000,23710940.5002887584
147900000000,23709240.4478561841
148000000000,23707546.6352443174
148100000000,23705862.5310667716
148200000000,23704190.3928088695
148300000000,23702525.3816411011
148400000000,23700867.4569227174
148500000000,23699219.8043656833
148600000000,23697580.6889073551
148700000000,23695952.5554514080
148800000000,23694330.0859660394
148900000000,23692718.7308467999
149000000000,23691115.3610728234
149100000000,23689521.6440823749
149200000000,23687935.0514903180
149300000000,23686360.1405397207
149400000000,23684793.3459153771
149500000000,23683230.8957176544
149600000000,23681683.3218392991
149700000000,23680140.3809583001
149800000000,23678611.1922809519
149900000000,23677087.7571261302
150000000000,23675570.4069057405
150100000000,23674067.9307040162
150200000000,23672569.3808076978
150300000000,23671082.7134580351
150400000000,23669604.3715495765
150500000000,23668136.0115145035
150600000000,23666674.0221303850
150700000000,23665224.0428141393
150800000000,23663779.8135941550
150900000000,23662348.4270781390
151000000000,23660923.6150882095
151100000000,23659509.8598864079
151200000000,23658102.9315329492
151300000000,23656704.9043552652
151400000000,23655314.1993868984
151500000000,23653937.1199591570
151600000000,23652567.4487016685
151700000000,23651203.8547187597
151800000000,23649851.9367924929
151900000000,23648508.9569654539
152000000000,23647175.9534064978
152100000000,23645849.6123285405
152200000000,23644534.3592946865
152300000000,23643225.7684489451
152400000000,23641929.7208537497
152500000000,23640640.0411090106
152600000000,23639359.5910024010
152700000000,23638087.6583043188
152800000000,23636826.4118001163
152900000000,23635574.0992608555
153000000000,23634329.8855381943
153100000000,23633096.3580590785
153200000000,23631870.6012155302
153300000000,23630655.2339271680
153400000000,23629446.3529630117
153500000000,23628249.7682757489
153600000000,23627058.9258327223
153700000000,23625880.4991406724
153800000000,23624709.5988911502
153900000000,23623546.8838036917
154000000000,23622396.8822093271
154100000000,23621252.9472196214
154200000000,23620120.8001963794
154300000000,23618995.4354378134
154400000000,23617877.1782363877
154500000000,23616773.0354943834
154600000000,23615675.7906861603
154700000000,23614584.9101995341
154800000000,23613506.7426758632
154900000000,23612435.1705404595
155000000000,23611375.1517765559
155100000000,23610321.7272078767
155200000000,23609283.3443042710
155300000000,23608249.4125622213
155400000000,23607224.4023387693
155500000000,23606211.6873969026
155600000000,23605204.8217568062
155700000000,23604207.5028899722
155800000000,23603220.1288410872
155900000000,23602242.4144888930
156000000000,23601273.1830092147
156100000000,23600314.0268076621
156200000000,23599363.6761802845
156300000000,23598423.5934545584
156400000000,23597491.7987656817
156500000000,23596567.8284506463
156600000000,23595655.2177511677
156700000000,23594752.8747684322
156800000000,23593856.3741805889
156900000000,23592969.4168388024
157000000000,23592094.5411427580
157100000000,23591227.4890293106
157200000000,23590370.3305816501
157300000000,23589521.5213733278
157400000000,23588681.5155982487
157500000000,23587849.7507368065
157600000000,23587030.7370394319
157700000000,23586217.1036832407
157800000000,23585415.2410203889
157900000000,23584625.7783162408
158000000000,23583839.6011145003
158100000000,23583065.8234759681
158200000000,23582301.6817244291
158300000000,23581543.8987522274
158400000000,23580798.9315805770
158500000000,23580060.8450214081
158600000000,23579334.4194723405
158700000000,23578614.8739211783
158800000000,23577905.1779181845
158900000000,23577205.1169362664
159000000000,23576513.9607299678
159100000000,23575834.1515043825
159200000000,23575161.5332185738
159300000000,23574498.8668450229
159400000000,23573843.3916898742
159500000000,23573199.2616013028
159600000000,23572565.3976514228
159700000000,23571943.2948237434
159800000000,23571325.5223468281
159900000000,23570719.4088569917
160000000000,23570120.9037204981
160100000000,23569533.7392294183
160200000000,23568953.7652261369
160300000000,23568382.9061719514
160400000000,23567824.9554960132
160500000000,23567274.0943569653
160600000000,23566734.6723185293
160700000000,23566201.9229867868
160800000000,23565678.1680952720
160900000000,23565165.0958079323
161000000000,23564661.2374940291
161100000000,23564166.6908529475
161200000000,23563682.4096776880
161300000000,23563205.9703069739
161400000000,23562740.2131324671
161500000000,23562281.3229839019
161600000000,23561837.5833111480
161700000000,23561397.2152682357
161800000000,23560969.2333798297
161900000000,23560548.3427669033
162000000000,23560137.4911466874
162100000000,23559737.2404062748
162200000000,23559348.0880606286
162300000000,23558964.9661343880
162400000000,23558592.5261413530
162500000000,23558227.9208440445
162600000000,23557874.0906694233
162700000000,23557529.0541683696
162800000000,23557196.0873450413
162900000000,23556871.0359735154
163000000000,23556554.7776939757
163100000000,23556245.7972668409
163200000000,23555948.5605123714
163300000000,23555661.5879837312
163400000000,23555384.7951949127
163500000000,23555113.8909986019
163600000000,23554853.3418817110
163700000000,23554602.9709335156
163800000000,23554363.6985093467
163900000000,23554130.8661552742
164000000000,23553907.3318383917
164100000000,23553695.0303376615
164200000000,23553491.8020527698
164300000000,23553299.4785285965
164400000000,23553114.0091182590
164500000000,23552938.8038465604
164600000000,23552772.1666465737
164700000000,23552615.8810149357
164800000000,23552468.0558340624
164900000000,23552333.7696386017
165000000000,23552202.8369400911
165100000000,23552084.1921405271
165200000000,23551975.1703572720
165300000000,23551876.4987115189
165400000000,23551785.6442576051
165500000000,23551703.4455334656
165600000000,23551632.5619234741
165700000000,23551570.8835364357
165800000000,23551517.0272630677
165900000000,23551475.3185176030
166000000000,23551440.4578050077
166100000000,23551416.8259012215
166200000000,23551400.0406434312
166300000000,23551393.9352118708
166400000000,23551399.4752851315
166500000000,23551409.0854270682
166600000000,23551434.1747046225
166700000000,23551465.0500301793
166800000000,23551506.2697929814
166900000000,23551556.6927192807
167000000000,23551619.9005239569
167100000000,23551687.4293556996
167200000000,23551763.1816974021
167300000000,23551855.5548234209
167400000000,23551953.6299623773
167500000000,23552058.2090675943
167600000000,23552175.8286157176
167700000000,23552302.7295291424
167800000000,23552437.1140632033
167900000000,23552582.4969777279
168000000000,23552738.2204380743
168100000000,23552900.7039006576
168200000000,23553072.0495919250
168300000000,23553254.0742903389
168400000000,23553447.8175975047
168500000000,23553650.7612685636
168600000000,23553860.5413229726
168700000000,23554079.5213137977
168800000000,23554309.1799222603
168900000000,23554547.7736012153
169000000000,23554795.9080356583
169100000000,23555055.4159633033
169200000000,23555323.0868884847
169300000000,23555599.6895610988
169400000000,23555883.3930819184
169500000000,23556178.8096779585
169600000000,23556484.1451315545
169700000000,23556799.0958687775
169800000000,23557122.9011813961
169900000000,23557453.8810999021
170000000000,23557797.2184253596
170100000000,23558146.6664210893
170200000000,23558508.8879516460
170300000000,23558878.9301914908
170400000000,23559259.2007658370
170500000000,23559648.1261818968
170600000000,23560045.0686948150
170700000000,23560454.8985831067
170800000000,23560873.1614371873
170900000000,23561297.2221728228
171000000000,23561735.0116012134
171100000000,23562182.4141456559
171200000000,23562633.7850838937
171300000000,23563098.2735500373
171400000000,23563571.6094104126
171500000000,23564054.5573650636
171600000000,23564546.7686373107
171700000000,23565047.7572361566
171800000000,23565561.9311448596
171900000000,23566080.0031422079
172000000000,23566609.7763585411
172100000000,23567149.8099218048
172200000000,23567699.4547189437
172300000000,23568255.5696832724
172400000000,23568823.2512044311
172500000000,23569397.4017419480
172600000000,23569985.0201770402
172700000000,23570581.1284845322
172800000000,23571184.3420733213
172900000000,23571796.0440025590
173000000000,23572421.2146691084
173100000000,23573052.1352224462
173200000000,23573694.9845255055
173300000000,23574346.0716955662
173400000000,23575007.7855062746
173500000000,23575677.7366419919
173600000000,23576355.6912898608
173700000000,23577043.6711401269
173800000000,23577741.5559500568
173900000000,23578447.5627683587
174000000000,23579163.8911145069
174100000000,23579891.4322180487
174200000000,23580624.8327103257
174300000000,23581370.3986375220
174400000000,23582122.2402465306
174500000000,23582885.2938802466
174600000000,23583656.7629957981
174700000000,23584439.3255813643
174800000000,23585228.6390102021
174900000000,23586028.8652115539
175000000000,23586838.6384189874
175100000000,23587655.2205362357
175200000000,23588486.5807002410
175300000000,23589321.8348537534
175400000000,23590169.1905965954
175500000000,23591022.8791332170
175600000000,23591888.9055251367
175700000000,23592762.0980847292
175800000000,23593646.5568133667
175900000000,23594538.1812961884
176000000000,23595439.6477316320
176100000000,23596352.0175743252
176200000000,23597271.9144944064
176300000000,23598200.2199569866
176400000000,23599140.6225425415
176500000000,23600085.5725790858
176600000000,23601045.0574244484
176700000000,23602010.8729744554
176800000000,23602985.5110826045
176900000000,23603970.4077647030
177000000000,23604964.9073709995
177100000000,23605968.2289182805
177200000000,23606979.9546678178
177300000000,23608001.9384520054
177400000000,23609033.5765433274
177500000000,23610073.5651394390
177600000000,23611120.7177138776
177700000000,23612179.1276525259
177800000000,23613247.4296314381
177900000000,23614324.4987748973
178000000000,23615410.8024838455
178100000000,23616503.8517953791
178200000000,23617609.5970695056
178300000000,23618723.7416358218
178400000000,23619844.6813936271
178500000000,23620976.8251895532
178600000000,23622119.2267042100
178700000000,23623266.9303617328
178800000000,23624424.9397814795
178900000000,23625595.2275303081
179000000000,23626770.8152113855
179100000000,23627956.6604961306
179200000000,23629153.7088073827
179300000000,23630357.5484070778
179400000000,23631573.0074770115
179500000000,23632795.0818337090
179600000000,23634025.7247471251
179700000000,23635265.7902431376
179800000000,23636516.5303536616
179900000000,23637777.4413329586
180000000000,23639044.9658184312
180100000000,23640322.5045950897
180200000000,23641608.3898884095
180300000000,23642903.0827766135
180400000000,23644205.6389356814
180500000000,23645519.3514399454
180600000000,23646841.9141807854
180700000000,23648175.6766044945
180800000000,23649517.2583892420
180900000000,23650867.2283013612
181000000000,23652224.3569755405
181100000000,23653591.8931410797
181200000000,23654966.2119513750
181300000000,23656355.6205116361
181400000000,23657748.5818408802
181500000000,23659152.7413762137
181600000000,23660565.6619458534
181700000000,23661986.4422597699
181800000000,23663418.4205438755
181900000000,23664859.1990307122
182000000000,23666305.8842717335
182100000000,23667761.7860902213
182200000000,23669229.5471175313
182300000000,23670704.0869629160
182400000000,23672189.8235109635
182500000000,23673681.5040197447
182600000000,23675185.8770191036
182700000000,23676696.6106039919
182800000000,23678218.1231763400
182900000000,23679745.9950213693
183000000000,23681286.1425073966
183100000000,23682830.6287775002
183200000000,23684387.2495983578
183300000000,23685952.3889532238
183400000000,23687527.6421718337
183500000000,23689109.9163124710
183600000000,23690700.9482625313
183700000000,23692301.5719798803
183800000000,23693909.3547922000
183900000000,23695527.1110987626
184000000000,23697156.3428665064
184100000000,23698789.4921396859
184200000000,23700433.8349973634
184300000000,23702088.0495706275
184400000000,23703750.6036957987
184500000000,23705420.8323119767
184600000000,23707103.3681523353
184700000000,23708790.9017551914
184800000000,23710488.1278171763
184900000000,23712195.1924593598
185000000000,23713911.0442935377
185100000000,23715634.8486417904
185200000000,23717366.0546835661
185300000000,23719107.7861094847
185400000000,23720859.3859211653
185500000000,23722618.1026022285
185600000000,23724385.4714317173
185700000000,23726162.1138972454
185800000000,23727948.6235086955
185900000000,23729741.8682252839
186000000000,23731547.5168398842
186100000000,23733357.7425297573
186200000000,23735176.7217427529
186300000000,23737006.2227478437
186400000000,23738846.2567315251
186500000000,23740691.1066929772
186600000000,23742546.7556003220
186700000000,23744409.3891533352
186800000000,23746283.6547692567
186900000000,23748162.9861987941
187000000000,23750055.4503923915
187100000000,23751953.8145235591
187200000000,23753859.7053920776
187300000000,23755776.7837511003
187400000000,23757699.7860987969
187500000000,23759631.9568012208
187600000000,23761574.2409852333
187700000000,23763525.5401567519
187800000000,23765484.9333432764
187900000000,23767454.6794733703
188000000000,23769428.1745521612
188100000000,23771415.4450790398
188200000000,23773408.1968428418
188300000000,23775409.0649804026
188400000000,23777421.3582747690
188500000000,23779439.1538882554
188600000000,23775878.7804288007
188700000000,23770336.0043259487
188800000000,23764803.1741136312
188900000000,23759271.0832342654
189000000000,23753746.9762644954
189100000000,23748224.9069763198
189200000000,23742712.1890210211
189300000000,23737204.7576824054
189400000000,23731699.0344967134
189500000000,23726203.2308651768
189600000000,23720709.8225512467
189700000000,23715223.6215854101
189800000000,23709739.7895772979
189900000000,23704264.6874804422
190000000000,23698794.0288851745
190100000000,23693329.8712053522
190200000000,23687870.1556707323
190300000000,23682413.2517258935
190400000000,23676966.2917234935
190500000000,23671520.3291660026
190600000000,23666085.6786206327
190700000000,23660652.8874004520
190800000000,23655226.8564029187
190900000000,23649806.3732502088
191000000000,23644389.1179113351
191100000000,23638976.8357088603
191200000000,23633575.3300957009
191300000000,23628175.7697674707
191400000000,23622783.0384400636
191500000000,23617393.9106986448
191600000000,23612012.1153262742
191700000000,23606634.3391408920
191800000000,23601264.3446409218
191900000000,23595899.7041210681
192000000000,23590541.0600298680
192100000000,23585184.6142324656
192200000000,23579837.3190281354
192300000000,23574494.6185098216
192400000000,23569157.3028871752
192500000000,23563827.1917602010
192600000000,23558501.6395325214
192700000000,23553180.7167821601
192800000000,23547865.1414595284
192900000000,23542560.0854448751
193000000000,23537256.3074015342
193100000000,23531957.1227748767
193200000000,23526666.4729998969
193300000000,23521380.8707190678
193400000000,23516102.9309557304
193500000000,23510829.0875710845
193600000000,23505562.1563323736
193700000000,23500298.7027238794
193800000000,23495042.9474442713
193900000000,23489790.8330552727
194000000000,23484544.6789365225
194100000000,23479306.1446878128
194200000000,23474073.1133823656
194300000000,23468846.3330609351
194400000000,23463624.1448574662
194500000000,23458407.7498686984
194600000000,23453200.0503575727
194700000000,23447992.8380005360
194800000000,23442795.5217128694
194900000000,23437604.8731292598
195000000000,23432418.3981929570
195100000000,23427235.5202582479
195200000000,23422062.1628362462
195300000000,23416892.2761295699
195400000000,23411733.4984253049
195500000000,23406575.7759099342
195600000000,23401424.1803959124
195700000000,23396280.0333484113
195800000000,23391139.6947108321
195900000000,23386007.8800390698
196000000000,23380882.2693303861
196100000000,23375762.6156839356
196200000000,23370646.1833872013
196300000000,23365537.7856695168
196400000000,23360436.0770730935
196500000000,23355339.8379393630
196600000000,23350246.8202292174
196700000000,23345165.4750343636
196800000000,23340087.3504119664
196900000000,23335015.4260374941
197000000000,23329944.4032583944
197100000000,23324886.4680873379
197200000000,23319829.9183287211
197300000000,23314784.7283518575
197400000000,23309743.0014907271
197500000000,23304709.3739356995
197600000000,23299677.0643018410
197700000000,23294653.8618400022
197800000000,23289638.2753035650
197900000000,23284624.4886858426
198000000000,23279621.0525497459
198100000000,23274621.6698148623
198200000000,23269631.2174414843
198300000000,23264643.9837587103
198400000000,23259663.3611391261
198500000000,23254690.5303913988
198600000000,23249722.2319063954
198700000000,23244762.3818956614
198800000000,23239805.5728461891
198900000000,23234858.7643102482
199000000000,23229916.5348978080
199100000000,23224979.0742407143
199200000000,23220050.3011393026
199300000000,23215123.0823844709
199400000000,23210209.1263893619
199500000000,23205298.2087982669
199600000000,23200394.0772740692
199700000000,23195496.3148680627
199800000000,23190605.5750725642
199900000000,23185717.4544844329
