0,76504597.4404726475
100000000,76506080.6160038263
200000000,76507573.8203213960
300000000,76509081.1261515766
400000000,76510595.8568812013
500000000,76512118.0472355187
600000000,76513649.6264967620
700000000,76515188.3629475832
800000000,76516743.6415304095
900000000,76518305.5472307950
1000000000,76519868.3617955297
1100000000,76521453.2234941870
1200000000,76523038.3741082996
1300000000,76524639.3812659234
1400000000,76526242.0723777115
1500000000,76527858.2857685685
1600000000,76529486.6144284308
1700000000,76531124.3462442607
1800000000,76532765.7272996306
1900000000,76534416.9705888033
2000000000,76536081.8857374042
2100000000,76537751.8720540553
2200000000,57129590.4590591416
2300000000,57128236.3561479598
2400000000,57126890.7951312140
2500000000,57125554.2077592313
2600000000,57124222.2526845112
2700000000,57122894.3058664650
2800000000,57121575.6737034023
2900000000,57120263.6081803441
3000000000,57118958.9312340766
3100000000,57117658.0686437115
3200000000,57116369.3303758055
3300000000,57115085.7940466329
3400000000,57113803.7738300115
3500000000,57112535.1065095291
3600000000,57111266.3794137985
3700000000,57110008.2590328977
3800000000,57108753.8843080848
3900000000,57107509.8152928352
4000000000,57106276.0853157043
4100000000,57105042.4161148891
4200000000,57103818.8330380246
4300000000,57102598.3342025727
4400000000,57101386.9556712955
4500000000,57100184.9970553815
4600000000,57098988.6074624285
4700000000,57097791.4563029557
4800000000,57096611.3487614393
4900000000,57095432.6189158484
5000000000,57094258.4492504522
5100000000,57093094.5894134343
5200000000,57091936.8104216829
5300000000,57090790.0295503512
5400000000,57089641.5686633438
5500000000,57088506.1178914309
5600000000,57087379.1977140233
5700000000,57086250.7663523778
5800000000,57085138.2607954964
5900000000,57084024.5930836946
6000000000,57082923.4911412448
6100000000,57081829.5345468596
6200000000,57080732.9284330383
6300000000,57079650.3332332298
6400000000,57078579.0193981826
6500000000,57077507.9323789626
6600000000,57076439.7018289119
6700000000,57075383.9079172388
6800000000,57074334.4568772167
6900000000,57073293.5325261950
7000000000,57072258.3137078434
7100000000,57071228.9816158116
7200000000,57070206.0965348706
7300000000,57069191.7748389915
7400000000,57068181.6432420015
7500000000,57067179.2423634976
7600000000,57066180.8471791446
7700000000,57065192.8035236895
7800000000,57064211.9360664487
7900000000,57063232.1903822124
8000000000,57062267.2433479875
8100000000,57061305.2496250719
8200000000,57060351.7621831745
8300000000,57059401.8855800480
8400000000,57058460.3543387949
8500000000,57057523.5799241588
8600000000,57056600.3720239922
8700000000,57055674.6393044069
8800000000,57054759.3376249224
8900000000,57053848.9959502444
9000000000,57052950.1347317919
9100000000,57052057.2327337861
9200000000,57051167.0785236731
9300000000,57050288.9385642856
9400000000,57049408.3590500727
9500000000,57048545.2800495178
9600000000,57047682.8964766935
9700000000,57046829.2387993932
9800000000,57045981.4231849238
9900000000,57045144.6952365935
10000000000,57044308.0462972522
10100000000,57043481.8291292712
10200000000,57042660.8590334505
10300000000,57041844.1124000922
10400000000,57041036.6354655623
10500000000,57040239.1133855134
10600000000,57039447.4774493203
10700000000,57038656.8052136078
10800000000,57037880.1482861862
10900000000,57037106.7683757842
11000000000,57036343.0019439533
11100000000,57035578.5363405868
11200000000,57034824.7109823450
11300000000,57034077.2855403200
11400000000,57033341.4776060879
11500000000,57032608.7646115497
11600000000,57031882.8956765160
11700000000,57031161.3396594673
11800000000,57030451.7393287122
11900000000,57029745.3947954252
12000000000,57029047.0170448050
12100000000,57028355.2203399166
12200000000,57027669.9792786464
12300000000,57026992.6309289634
12400000000,57026317.2944850475
12500000000,57025650.8486469910
12600000000,57024991.0154067352
12700000000,57024337.9864503965
12800000000,57023694.3752575740
12900000000,57023054.1523647904
13000000000,57022429.4870727509
13100000000,57021800.6485544667
13200000000,57021179.0553879663
13300000000,57020570.5545268357
13400000000,57019968.6711262837
13500000000,57019371.4749154672
13600000000,57018777.5815734640
13700000000,57018189.2540647760
13800000000,57017613.1915941536
13900000000,57017044.7489864752
14000000000,57016474.4453148395
14100000000,57015923.2378933802
14200000000,57015369.0943949372
14300000000,57014827.7215295061
14400000000,57014289.4671642184
14500000000,57013759.0841759741
14600000000,57013235.0527212322
14700000000,57012717.1437723190
14800000000,57012206.4516186714
14900000000,57011703.1123808026
15000000000,57011206.1009942964
15100000000,57010718.9747529253
15200000000,57010227.2485365048
15300000000,57009756.1325856596
15400000000,57009288.3702511042
15500000000,57008820.5870852023
15600000000,57008364.2122934237
15700000000,57007917.4762111381
15800000000,57007472.6054292247
15900000000,57007034.5082260519
16000000000,57006603.9513810575
16100000000,57006182.9274291769
16200000000,57005766.9411229789
16300000000,57005357.4343799651
16400000000,57004957.0072464049
16500000000,57004561.8308984712
16600000000,57004165.6727355421
16700000000,57003783.0839155912
16800000000,57003407.1662691608
16900000000,57003041.6993233711
17000000000,57002678.4960407615
17100000000,57002325.9173164517
17200000000,57001972.7684762552
17300000000,57001633.0732114688
17400000000,57001295.1948616207
17500000000,57000967.4423203319
17600000000,57000646.3021608368
17700000000,57000328.3986353353
17800000000,57000020.9917828515
17900000000,56999717.0236995593
18000000000,56999422.5293222368
18100000000,56999133.0472952649
18200000000,56998849.1017772630
18300000000,56998576.2472176701
18400000000,56998311.1093856692
18500000000,56998044.6475765854
18600000000,56997788.5156344622
18700000000,56997545.4618387818
18800000000,56997303.1628508940
18900000000,56997063.4448403940
19000000000,56996837.0020789877
19100000000,56996615.0026787668
19200000000,56996401.8032470196
19300000000,56996192.2251589894
19400000000,56995989.9117890894
19500000000,56995795.0531450734
19600000000,56995610.7586083934
19700000000,56995426.6231096014
19800000000,56995251.3650120497
19900000000,56995085.4036569521
20000000000,56994922.7338254452
20100000000,56994769.1856565922
20200000000,56994624.3799622804
20300000000,56994481.1396771595
20400000000,56994346.6838715300
20500000000,56994221.8830639198
20600000000,56994095.8146517202
20700000000,56993981.0645882338
20800000000,56993870.9176851436
20900000000,56993772.7461921647
21000000000,56993679.8615058959
21100000000,56993592.4371274039
21200000000,56993511.3367951512
21300000000,56993437.3969530761
21400000000,56993366.8819874227
21500000000,56993308.5850119367
21600000000,56993249.3555621430
21700000000,56993206.2649526298
21800000000,56993165.8624560833
21900000000,56993129.3430350125
22000000000,56993102.4101618528
22100000000,56993079.6810944825
22200000000,56993068.2665942758
22300000000,56993060.3680054545
22400000000,56993057.3623664528
22500000000,56993065.2996630743
22600000000,56993076.5220538080
22700000000,56993096.7055912763
22800000000,56993121.7464627177
22900000000,56993154.7824231908
23000000000,56993195.3908878937
23100000000,56993238.3307823539
23200000000,56993293.0346059725
23300000000,56993349.0278939307
23400000000,56993418.4580850676
23500000000,56993488.2432855666
23600000000,56993566.6002724245
23700000000,56993653.5849900991
23800000000,56993748.5800264329
23900000000,56993848.0067332685
24000000000,56993950.0576354414
24100000000,56994062.8983914033
24200000000,56994179.9320011213
24300000000,56994308.0396714807
24400000000,56994440.1832359210
24500000000,56994579.8196717724
24600000000,56994728.5812715739
24700000000,56994878.6789281741
24800000000,56995039.3695007265
24900000000,56995200.2414798066
25000000000,56995374.5385482162
25100000000,56995553.6376538798
25200000000,56995739.3862843886
25300000000,56995931.1232844517
25400000000,56996125.6708497778
25500000000,56996331.9403712153
25600000000,56996546.6732443646
25700000000,56996765.1435626596
25800000000,56996992.0877879784
25900000000,56997225.7704795673
26000000000,56997463.9654977173
26100000000,56997707.2941484302
26200000000,56997959.6644148305
26300000000,56998216.0992534608
26400000000,56998479.3862671852
26500000000,56998752.6342031360
26600000000,56999031.2110646516
26700000000,56999317.7105462402
26800000000,56999608.2787197232
26900000000,56999905.3376374021
27000000000,57000208.9303351641
27100000000,57000522.9062621370
27200000000,57000838.9643643349
27300000000,57001162.4000235647
27400000000,57001493.5061947852
27500000000,57001829.7052138075
27600000000,57002178.6933646575
27700000000,57002528.3800506517
27800000000,57002884.4540058672
27900000000,57003250.0903334022
28000000000,57003619.6674197018
28100000000,57003998.6139588431
28200000000,57004382.6274985746
28300000000,57004772.9801221564
28400000000,57005172.9357786104
28500000000,57005571.4075973630
28600000000,57005985.5358643755
28700000000,57006398.0767963529
28800000000,57006824.4436066896
28900000000,57007254.6087801158
29000000000,57007689.2410811856
29100000000,57008136.8851111531
29200000000,57008585.0262317881
29300000000,57009040.1993869692
29400000000,57009506.4709845558
29500000000,57009973.6977153569
29600000000,57010448.4884648472
29700000000,57010934.9730990753
29800000000,57011423.3752157465
29900000000,57011918.6293570623
30000000000,57012420.8868840039
30100000000,57012929.9235817567
30200000000,57013445.5281591490
30300000000,57013967.1449719891
30400000000,57014496.5970150232
30500000000,57015034.8769915476
30600000000,57015574.7322463468
30700000000,57016120.7891294286
30800000000,57016678.0840907618
30900000000,57017236.8786951974
31000000000,57017806.8321938962
31100000000,57018383.6292279139
31200000000,57018962.3716749623
31300000000,57019550.4151611179
31400000000,57020140.9251563475
31500000000,57020748.2586229667
31600000000,57021352.1982957721
31700000000,57021969.4182806611
31800000000,57022587.3601736352
31900000000,57023214.4278979823
32000000000,57023846.7667041048
32100000000,57024490.3418649286
32200000000,57025134.2905676588
32300000000,57025790.9372563884
32400000000,57026445.6060188487
32500000000,57027117.4318529144
32600000000,57027788.1685881019
32700000000,57028469.2082382366
32800000000,57029150.6652615294
32900000000,57029845.0430393815
33000000000,57030545.2022364512
33100000000,57031248.9184641019
33200000000,57031961.7121688873
33300000000,57032679.4931137860
33400000000,57033407.6395505965
33500000000,57034136.4964897782
33600000000,57034878.6194277704
33700000000,57035617.8422653526
33800000000,57036371.6244180351
33900000000,57037127.4113567695
34000000000,57037890.2461279929
34100000000,57038658.9950278550
34200000000,57039438.6098450050
34300000000,57040226.1831371188
34400000000,57041012.4314232469
34500000000,57041811.5435745791
34600000000,57042609.9273062050
34700000000,57043422.0718248188
34800000000,57044237.6119145975
34900000000,57045063.1502081603
35000000000,57045888.2624091431
35100000000,57046723.4515244141
35200000000,57047567.1738355085
35300000000,57048417.7258849144
35400000000,57049269.6940821186
35500000000,57050135.9297934473
35600000000,57050998.4504436031
35700000000,57051870.6023385301
35800000000,57052757.7952091172
35900000000,57053642.2323605046
36000000000,57054535.1348548308
36100000000,57055435.9480295181
36200000000,57056344.8122174740
36300000000,57057259.1505460590
36400000000,57058175.9647957012
36500000000,57059103.4405994341
36600000000,57060034.3910200447
36700000000,57060972.7447843477
36800000000,57061919.4851413518
36900000000,57062871.5557496697
37000000000,57063829.2377919778
37100000000,57064796.9086942002
37200000000,57065763.2938360423
37300000000,57066741.8659195229
37400000000,57067729.1297465637
37500000000,57068715.5782406852
37600000000,57069712.7321194410
37700000000,57070719.2151532024
37800000000,57071726.5794204250
37900000000,57072744.2403670177
38000000000,57073768.5968820602
38100000000,57074797.1742917374
38200000000,57075830.9688935801
38300000000,57076878.4638069794
38400000000,57077922.3242018372
38500000000,57078977.8455043584
38600000000,57080037.7356638685
38700000000,57081107.8042031452
38800000000,57082183.2954635024
38900000000,57083261.1633486152
39000000000,57084347.1661914960
39100000000,57085441.5168327317
39200000000,57086541.6525469944
39300000000,57087649.6465156153
39400000000,57088761.9214166403
39500000000,57089877.5370525867
39600000000,57091004.2961099073
39700000000,57092139.7151328549
39800000000,57093274.9750765488
39900000000,57094421.2114598304
40000000000,57095568.3388985768
40100000000,57096727.6718538105
40200000000,57097894.2468366250
40300000000,57099060.7438034266
40400000000,57100239.7045279518
40500000000,57101421.6077696234
40600000000,57102611.6706729755
40700000000,57103807.0302116200
40800000000,57105011.6114234254
40900000000,57106217.4018009305
41000000000,57107431.8646177277
41100000000,57108652.1884528399
41200000000,57109879.8665772602
41300000000,57111116.6037450582
41400000000,57112353.3341488913
41500000000,57113600.6933094710
41600000000,57114857.8377897143
41700000000,57116116.1860160232
41800000000,57117381.6376633421
41900000000,57118649.6997517571
42000000000,57119929.2458586693
42100000000,57121216.0531522557
42200000000,57122502.9525147974
42300000000,57123804.0072030425
42400000000,57125105.7794233188
42500000000,57126416.1963455454
42600000000,57127735.3003998026
42700000000,57129058.1060795635
42800000000,57130388.4584601372
42900000000,57131716.9425670803
43000000000,57133063.9160071313
43100000000,57134408.0403246805
43200000000,57135764.4768308252
43300000000,57137129.5394827873
43400000000,57138491.3685186133
43500000000,57139864.4627514184
43600000000,57141246.4930290356
43700000000,57142633.7296054140
43800000000,57144022.6875009015
43900000000,57145423.9835706130
44000000000,57146826.1896076128
44100000000,57148241.4054084867
44200000000,57149656.5977711827
44300000000,57151078.8701296076
44400000000,57152508.2566268817
44500000000,57153946.7489969283
44600000000,57155391.4120279104
44700000000,57156838.8994626626
44800000000,57158295.3177785054
44900000000,57159755.9511773884
45000000000,57161224.7433479279
45100000000,57162697.6617925316
45200000000,57164178.5799386948
45300000000,57165665.1249610186
45400000000,57167154.2205461040
45500000000,57168658.4424642697
45600000000,57170163.5672801882
45700000000,57171676.8281339854
45800000000,57173192.3623373285
45900000000,57174720.6871287599
46000000000,57176245.7377911210
46100000000,57177785.2106693983
46200000000,57179330.0985079557
46300000000,57180874.8617856055
46400000000,57182435.6588153467
46500000000,57183993.6142699346
46600000000,57185563.7403998002
46700000000,57187136.4176814184
46800000000,57188715.0343476385
46900000000,57190306.5376118273
47000000000,57191898.0258249044
47100000000,57193498.0657352060
47200000000,57195103.5474916324
47300000000,57196714.7830003574
47400000000,57198336.9142682925
47500000000,57199959.0918339789
47600000000,57201590.9627875462
47700000000,57203225.7125107497
47800000000,57204867.8462851271
47900000000,57206514.4880919531
48000000000,57208173.7393934056
48100000000,57209835.8686223254
48200000000,57211502.8446583226
48300000000,57213179.7820286453
48400000000,57214857.5138415918
48500000000,57216542.6895050928
48600000000,57218233.0473423079
48700000000,57219938.3264228925
48800000000,57221642.3112278059
48900000000,57223351.9738836437
49000000000,57225068.2006131411
49100000000,57226793.9570810944
49200000000,57228521.2204423025
49300000000,57230257.0616944432
49400000000,57231997.1041222438
49500000000,57233748.8689542189
49600000000,57235504.7927902266
49700000000,57237265.0574745014
49800000000,57239033.0913689956
49900000000,57240803.1853200644
50000000000,57242583.2145149633
50100000000,57244366.8295154348
50200000000,57246164.5940174609
50300000000,57247958.4222621918
50400000000,57249763.0882492661
50500000000,57251574.2812326401
50600000000,57253390.6117604449
50700000000,57255211.6664440185
50800000000,57257038.8893788084
50900000000,57258872.6929268464
51000000000,57260713.4712942317
51100000000,57262561.3844498545
51200000000,57264419.6786376014
51300000000,57266273.5006840751
51400000000,57268143.1136241406
51500000000,57270014.5976814479
51600000000,57271893.1484034434
51700000000,57273774.1225887388
51800000000,57275667.5963537022
51900000000,57277561.4528503045
52000000000,57279466.6038485765
52100000000,57281371.2099861056
52200000000,57283283.7375576869
52300000000,57285199.8328907490
52400000000,57287132.5880831927
52500000000,57289064.6320795268
52600000000,57291003.9826173559
52700000000,57292947.9942147136
52800000000,57294898.8059700504
52900000000,57296860.5521107092
53000000000,57298821.2627746761
53100000000,57300793.3000556752
53200000000,57302764.9494773373
53300000000,57304746.8139528856
53400000000,57306733.2531655207
53500000000,57308728.7855292708
53600000000,57310730.4334063902
53700000000,57312730.9993013367
53800000000,57314744.3413791880
53900000000,57316763.4146143571
54000000000,57318786.3814909980
54100000000,57320815.8060927838
54200000000,57322852.8080686927
54300000000,57324897.1392522231
54400000000,57326947.3297384456
54500000000,57328998.0525732040
54600000000,57331063.1153473780
54700000000,57333129.9419139102
54800000000,57335198.4149197862
54900000000,57337278.7119555324
55000000000,57339362.2774676755
55100000000,57341452.0567545518
55200000000,57343551.7896175981
55300000000,57345652.2240982726
55400000000,57347761.4387611002
55500000000,57349877.5963948593
55600000000,57351999.6315211207
55700000000,57354128.2771986127
55800000000,57356257.7495718077
55900000000,57358401.4738875553
56000000000,57360539.6525998563
56100000000,57362693.9021141455
56200000000,57364850.6740951836
56300000000,57367016.3099125102
56400000000,57369182.2766339853
56500000000,57371354.0596315116
56600000000,57373542.5602897778
56700000000,57375723.0820207447
56800000000,57377921.0528741777
56900000000,57380118.2006812617
57000000000,57382319.3584736139
57100000000,57384535.3037427291
57200000000,57386753.0860996544
57300000000,57388973.7850840241
57400000000,57391205.9159062281
57500000000,57393439.4987701997
57600000000,57395682.7174675763
57700000000,57397927.4884537831
57800000000,57400180.1606801748
57900000000,57402441.2981548160
58000000000,57404705.6150024608
58100000000,57406979.9046782926
58200000000,57409255.1363858581
58300000000,57411538.2474181652
58400000000,57413824.9705890343
58500000000,57416120.3771409020
58600000000,57418419.5068151951
58700000000,57420730.3322395682
58800000000,57423042.3773119971
58900000000,57425363.3775299862
59000000000,57427685.4543762505
59100000000,57430014.6242730021
59200000000,57432352.6075499058
59300000000,57434695.4078869373
59400000000,57437042.6343872994
59500000000,57439398.4272826612
59600000000,57441757.5702407658
59700000000,57444123.6573122442
59800000000,57446494.9832346588
59900000000,57448877.8400777802
60000000000,57451258.8394249454
60100000000,57453647.3508458287
60200000000,57456046.6787713617
60300000000,57458444.7567108646
60400000000,57460851.5654193684
60500000000,57463267.2550986931
60600000000,57465686.2520769238
60700000000,57468111.8470558673
60800000000,57470539.0371061414
60900000000,57472977.0841568336
61000000000,57475421.3751007169
61100000000,57477870.7180689052
61200000000,57480325.1118400022
61300000000,57482785.4797502756
61400000000,57485251.9694624469
61500000000,57487725.3164251819
61600000000,57490203.1573404148
61700000000,57492686.8203669041
61800000000,57495177.6788956225
61900000000,57497673.9471889958
62000000000,57500175.5712826625
62100000000,57502680.7687651291
62200000000,57505200.0173424184
62300000000,57507715.0043412521
62400000000,57510243.0292809606
62500000000,57512774.4088673145
62600000000,57515306.9081844017
62700000000,57517851.0380820706
62800000000,57520401.9684754014
62900000000,57522953.4549905658
63000000000,57525514.4302252010
63100000000,57528080.5638316572
63200000000,57530654.9693285972
63300000000,57533228.4316590056
63400000000,57535814.5470858142
63500000000,57538401.5834342688
63600000000,57540996.5991974100
63700000000,57543602.4605651125
63800000000,57546206.0632423982
63900000000,57548819.0657516941
64000000000,57551436.1906125471
64100000000,57554065.5094296932
64200000000,57556691.8232641891
64300000000,57559328.7462108582
64400000000,57561970.8604508117
64500000000,57564616.5120607764
64600000000,57567272.0792736709
64700000000,57569932.0829306170
64800000000,57572596.1181469038
64900000000,57575265.8746213317
65000000000,57577940.4186610952
65100000000,57580625.6422482133
65200000000,57583310.1797888875
65300000000,57586005.8206102625
65400000000,57588706.2416836843
65500000000,57591410.9847373068
65600000000,57594123.6965321153
65700000000,57596837.1111488566
65800000000,57599564.5854825005
65900000000,57602292.2920229807
66000000000,57605025.0476731881
66100000000,57607763.8918491974
66200000000,57610510.9012483731
66300000000,57613263.3226843178
66400000000,57616020.2297418267
66500000000,57618780.9220777005
66600000000,57621551.4043369666
66700000000,57624326.2048622966
66800000000,57627103.5060860440
66900000000,57629889.9416431114
67000000000,57632683.9408271685
67100000000,57635480.3950185627
67200000000,57638286.3774924576
67300000000,57641094.7076203302
67400000000,57643907.4984877184
67500000000,57646726.7896515280
67600000000,57649555.0424010903
67700000000,57652383.1599232405
67800000000,57655227.4788948521
67900000000,57658062.2848159224
68000000000,57660912.2277450636
68100000000,57663770.4114448950
68200000000,57666631.8020186201
68300000000,57669495.4201407582
68400000000,57672369.7134979591
68500000000,57675242.7079918161
68600000000,57678126.0387712568
68700000000,57681015.9248796925
68800000000,57683911.0588290915
68900000000,57686811.7570438385
69000000000,57689714.4984616488
69100000000,57692627.2530477643
69200000000,57695542.8469451740
69300000000,57698466.1745385006
69400000000,57701395.3768128455
69500000000,57704326.9450100735
69600000000,57707265.2903124169
69700000000,57710212.8466883078
69800000000,57713161.4989210516
69900000000,57716119.9253866300
70000000000,57719080.4058664441
70100000000,57722049.5807294324
70200000000,57725025.0826888382
70300000000,57728001.9592365697
70400000000,57730986.5334882140
70500000000,57733980.4801320285
70600000000,57736974.0889463499
70700000000,57739974.6782167330
70800000000,57742984.3061475307
70900000000,57745996.4555184022
71000000000,57749013.9287904799
71100000000,57752042.9029440284
71200000000,57755068.3485269099
71300000000,57758102.0366098434
71400000000,57761144.5460619926
71500000000,57764190.4360783696
71600000000,57767242.3627447188
71700000000,57770301.2438362911
71800000000,57773363.7799884379
71900000000,57776431.0429665148
72000000000,57779507.7084799483
72100000000,57782587.4879105091
72200000000,57785675.6623381227
72300000000,57788763.1615850180
72400000000,57791859.2617706582
72500000000,57794962.3010343686
72600000000,57798074.4127385467
72700000000,57801185.4311070815
72800000000,57804303.1609737650
72900000000,57807430.0747061968
73000000000,57810557.8884822205
73100000000,57813693.2288161069
73200000000,57816834.8109228909
73300000000,57819980.5093824416
73400000000,57823134.0265043154
73500000000,57826291.8562299460
73600000000,57829455.2984855026
73700000000,57832622.3408496156
73800000000,57835796.4037383720
73900000000,57838976.6572879925
74000000000,57842164.6380658671
74100000000,57845357.2048974931
74200000000,57848553.0800209939
74300000000,57851755.9841182008
74400000000,57854960.8880586475
74500000000,57858173.5537252873
74600000000,57861392.5558101758
74700000000,57864617.3339769766
74800000000,57867850.8576127291
74900000000,57871080.7393913195
75000000000,57874323.6220950931
75100000000,57877571.6651710719
75200000000,57880817.4935969189
75300000000,57884078.3249877170
75400000000,57887338.4385751188
75500000000,57890610.7419466227
75600000000,57893881.7508874312
75700000000,57897159.0860765725
75800000000,57900446.3446952626
75900000000,57903736.8905381858
76000000000,57907031.2853592113
76100000000,57910332.5195347220
76200000000,57913642.5692867711
76300000000,57916950.7055021152
76400000000,57920264.7573733926
76500000000,57923587.7755544707
76600000000,57926920.2728141174
76700000000,57930254.0597371235
76800000000,57933589.6055268571
76900000000,57936937.6606948525
77000000000,57940284.2953375876
77100000000,57943639.3046184853
77200000000,57947002.5611161143
77300000000,57950367.3362590447
77400000000,57953740.2884342149
77500000000,57957116.2723485604
77600000000,57960502.5439252481
77700000000,57963886.6292084903
77800000000,57967282.6466890201
77900000000,57970681.4008379951
78000000000,57974081.9850495607
78100000000,57977494.5363248587
78200000000,57980908.9423865080
78300000000,57984331.4356628284
78400000000,57987752.9693477005
78500000000,57991185.5601579621
78600000000,57994617.1713725328
78700000000,57998062.7606473491
78800000000,58001511.2472757474
78900000000,58004963.4631396011
79000000000,58008422.2623036057
79100000000,58011882.8822190017
79200000000,58015354.5571967438
79300000000,58018828.5334159732
79400000000,58022305.0509631857
79500000000,58025794.4451289624
79600000000,58029284.3408444524
79700000000,58032778.9135136306
79800000000,58036278.2451214790
79900000000,58039785.6537576839
80000000000,58043298.4752668366
80100000000,58046812.6540787742
80200000000,58050334.2480208725
80300000000,58053859.8549352139
80400000000,58057394.7047760114
80500000000,58060934.9609845281
80600000000,58064477.8719024137
80700000000,58068024.5117472112
80800000000,58071580.5959934145
80900000000,58075141.0097123757
81000000000,58078705.8710813075
81100000000,58082277.3665960431
81200000000,58085851.8359791115
81300000000,58089429.0764678046
81400000000,58093020.6411908343
81500000000,58096610.7185697183
81600000000,58100209.0772262886
81700000000,58103810.7815870270
81800000000,58107415.4047708958
81900000000,58111028.5197644457
82000000000,58114648.3783434182
82100000000,58118273.1352211535
82200000000,58121896.2013931200
82300000000,58125533.5535517558
82400000000,58129171.6984608099
82500000000,58132814.7845440730
82600000000,58136466.6417491138
82700000000,58140123.8608047068
82800000000,58143778.4228222072
82900000000,58147444.7485276535
83000000000,58151120.0254029110
83100000000,58154793.2335731164
83200000000,58158474.4021880552
83300000000,58162158.3317577541
83400000000,58165848.6432899237
83500000000,58169544.4345106184
83600000000,58173247.2710580453
83700000000,58176956.1793003157
83800000000,58180668.2216764390
83900000000,58184387.0731530488
84000000000,58188110.2868446931
84100000000,58191839.1777944043
84200000000,58195572.3638225645
84300000000,58199311.8637084961
84400000000,58203052.7914183959
84500000000,58206801.2209069878
84600000000,58210556.5004573166
84700000000,58214317.1729770899
84800000000,58218081.3808956817
84900000000,58221848.4330616668
85000000000,58225625.5928624272
85100000000,58229405.7928769812
85200000000,58233188.2042893395
85300000000,58236980.3547926992
85400000000,58240775.5669522658
85500000000,58244573.1346276999
85600000000,58248378.7518459260
85700000000,58252194.1804451644
85800000000,58256009.9325705022
85900000000,58259829.9003679678
86000000000,58263658.6992182210
86100000000,58267491.2732937410
86200000000,58271326.0243400708
86300000000,58275171.1336765364
86400000000,58279017.7036944106
86500000000,58282868.5071005598
86600000000,58286728.0413450599
86700000000,58290589.3585446551
86800000000,58294459.3894718289
86900000000,58298328.4639430940
87000000000,58302204.9932181463
87100000000,58306088.1035228074
87200000000,58309979.0324066654
87300000000,58313873.1620459780
87400000000,58317768.6924980655
87500000000,58321676.4548880830
87600000000,58325585.2159052491
87700000000,58329493.6844517514
87800000000,58333418.0759786889
87900000000,58337341.1154316962
88000000000,58341269.5268134996
88100000000,58345201.9596422166
88200000000,58349141.2081345320
88300000000,58353086.5484207869
88400000000,58357036.7278540656
88500000000,58360987.9891382232
88600000000,58364952.7227130085
88700000000,58368916.5893228129
88800000000,58372882.6078862846
88900000000,58376855.6375601515
89000000000,58380837.6823169813
89100000000,58384820.5760768056
89200000000,58388813.2889506444
89300000000,58392808.7615986317
89400000000,58396806.0386158377
89500000000,58400813.8773587570
89600000000,58404823.7855739221
89700000000,58408840.7035049200
89800000000,58412858.8507000729
89900000000,58416883.5371432155
90000000000,58420913.7048774734
90100000000,58424945.9899424985
90200000000,58428989.2077117339
90300000000,58433037.4041292593
90400000000,58437086.1166483015
90500000000,58441141.9004644975
90600000000,58445199.9002028555
90700000000,58449265.0686792806
90800000000,58453335.1942155734
90900000000,58457411.6708771810
91000000000,58461493.2239601761
91100000000,58465578.0968811586
91200000000,58469663.6107115075
91300000000,58473761.7453514263
91400000000,58477866.2340467125
91500000000,58481967.9391949847
91600000000,58486078.7406858802
91700000000,58490193.1780139431
91800000000,58494313.5622923300
91900000000,58498438.5418812409
92000000000,58502572.3835048974
92100000000,58506705.2882058248
92200000000,58510844.8961126134
92300000000,58514989.0014422759
92400000000,58519139.2915387079
92500000000,58523294.1203026921
92600000000,58527451.0287224203
92700000000,58531617.7486468107
92800000000,58535787.3461881950
92900000000,58539961.2923967317
93000000000,58544140.5578446686
93100000000,58548326.7657151371
93200000000,58552515.5714820474
93300000000,58556711.7250419855
93400000000,58560906.0996352509
93500000000,58565113.9072219804
93600000000,58569321.5909516960
93700000000,58573532.0194617435
93800000000,58577754.2149205953
93900000000,58581976.4430434331
94000000000,58586203.3012194857
94100000000,58590441.6895590499
94200000000,58594677.5747312903
94300000000,58598923.6999056265
94400000000,58603169.1458907947
94500000000,58607420.7116817012
94600000000,58611678.5884132162
94700000000,58615940.8167650998
94800000000,58620214.7822821364
94900000000,58624480.3962012157
95000000000,58628758.9611391351
95100000000,58633042.0944878906
95200000000,58637326.8304298893
95300000000,58641622.0423627570
95400000000,58645914.3236045986
95500000000,58650218.3380178362
95600000000,58654524.8211264089
95700000000,58658838.3280551806
95800000000,58663150.5754690543
95900000000,58667476.0118165091
96000000000,58671799.8968917057
96100000000,58676132.6800560951
96200000000,58680466.1206211522
96300000000,58684804.7235376611
96400000000,58689150.3106593117
96500000000,58693498.6100554615
96600000000,58697854.4785248637
96700000000,58702214.6776342764
96800000000,58706579.6230236292
96900000000,58710946.1271515787
97000000000,58715326.1986728534
97100000000,58719703.8451047391
97200000000,58724082.1390346661
97300000000,58728472.0743792057
97400000000,58732867.8648320287
97500000000,58737263.8905902728
97600000000,58741665.7661311999
97700000000,58746075.0425046384
97800000000,58750485.7876535803
97900000000,58754901.0722902343
98000000000,58759326.0051081255
98100000000,58763750.2823859304
98200000000,58768179.6338698640
98300000000,58772615.1754204035
98400000000,58777059.6551363468
98500000000,58781503.3942450359
98600000000,58785951.9442930594
98700000000,58790407.2144901156
98800000000,58794863.5218584463
98900000000,58799332.6787629128
99000000000,58803801.4200547487
99100000000,58808274.4268865734
99200000000,58812752.5840791762
99300000000,58817232.5392986014
99400000000,58821721.8048154190
99500000000,58826216.3921231851
99600000000,58830715.8903398886
99700000000,58835217.2447942868
99800000000,58839722.2401475906
99900000000,58844230.9414038360
100000000000,58848750.8215237334
100100000000,58853270.8415464610
100200000000,58857798.3318067789
100300000000,58862325.4173174277
100400000000,58866861.1326428726
100500000000,58871399.7983610779
100600000000,58875945.8221180886
100700000000,58880491.8369066119
100800000000,58885044.9668255374
100900000000,58889604.1182435900
101000000000,58894167.4967060611
101100000000,58898733.2150514573
101200000000,58903309.7725839019
101300000000,58907883.2894281149
101400000000,58912467.5163518786
101500000000,58917049.0217218399
101600000000,58921641.2512160093
101700000000,58926238.3035055399
101800000000,58930835.3582950011
101900000000,58935443.3064266890
102000000000,58940053.9848095104
102100000000,58944664.9135543182
102200000000,58949282.1038270816
102300000000,58953905.6358292848
102400000000,58958530.8072458506
102500000000,58963167.0306163281
102600000000,58967804.4731124640
102700000000,58972445.8247686103
102800000000,58977090.6891114265
102900000000,58981741.0487035066
103000000000,58986395.1797766536
103100000000,58991055.3029670268
103200000000,58995718.4695029408
103300000000,59000388.4407688677
103400000000,59005061.2905978709
103500000000,77219415.4853834212
103600000000,77222035.9264467061
103700000000,77224659.0767642856
103800000000,77227293.9398782998
103900000000,77229931.9311184287
104000000000,77232577.9700942785
104100000000,77235241.6760278344
104200000000,77237902.3363654017
104300000000,77240575.9222933054
104400000000,77243257.0872141868
104500000000,77245950.2951517254
104600000000,77248648.9152931124
104700000000,77251356.1408540457
104800000000,77254070.2350786626
104900000000,77256791.3312302083
105000000000,77259518.6281221956
105100000000,77262260.8136069924
105200000000,77265001.4683628082
105300000000,77267763.6508924365
105400000000,77270523.3530915827
105500000000,77273294.7091872394
105600000000,77276076.7717045099
105700000000,77278864.8408147395
105800000000,77281660.8660670221
105900000000,77284468.0343030244
106000000000,77287277.6065940112
106100000000,77290098.4717345685
106200000000,77292923.4506993890
106300000000,77295763.5828903764
106400000000,77298606.8417216688
106500000000,77301463.3117664158
106600000000,77304321.4150702953
106700000000,77307191.4097007811
106800000000,77310065.1639671028
106900000000,77312958.9761822671
107000000000,77315847.9282447398
107100000000,77318750.0508026034
107200000000,77321660.3056596369
107300000000,77324578.2185476124
107400000000,77327501.5466212928
107500000000,77330437.3427950591
107600000000,77333376.2538951933
107700000000,77336325.7175201178
107800000000,77339287.2840269953
107900000000,77342252.3947427869
108000000000,77345225.4811270088
108100000000,77348205.2639609426
108200000000,77351193.5174384713
108300000000,77354189.7476281971
108400000000,77357196.7465878874
108500000000,77360212.8541404009
108600000000,77363236.1144436598
108700000000,77366263.5892564952
108800000000,77369296.7267179787
108900000000,77372346.1598455757
109000000000,77375398.4937703758
109100000000,77378461.4089699388
109200000000,77381527.4844097197
109300000000,77384604.2828587890
109400000000,77387690.1291419119
109500000000,77390782.8250570148
109600000000,77393882.9519291669
109700000000,77396992.4962563813
109800000000,77400109.8961232305
109900000000,77403233.3384882212
110000000000,77406365.7075860500
110100000000,77409503.5940574855
110200000000,77412650.6745410860
110300000000,77415806.1574466527
110400000000,77418972.2077692449
110500000000,77422140.9536960721
110600000000,77425322.0827934444
110700000000,77428508.0245334506
110800000000,77431701.9360659122
110900000000,77434905.0699229389
111000000000,77438113.2699507922
111100000000,77441329.7805023491
111200000000,77444553.3467599899
111300000000,77447790.0991394371
111400000000,77451030.9400804490
111500000000,77454279.4261402339
111600000000,77457538.8904630244
111700000000,77460800.2265126854
111800000000,77464073.6959709972
111900000000,77467350.8933959901
112000000000,77470641.9695942104
112100000000,77473933.0467050970
112200000000,77477235.8466613740
112300000000,77480551.7393202186
112400000000,77483868.2254526168
112500000000,77487193.1701245457
112600000000,77490523.7938372642
112700000000,77493865.4736601263
112800000000,77497217.4137511849
112900000000,77500569.2783284932
113000000000,77503936.2290240228
113100000000,77507307.6930568069
113200000000,77510686.7099061459
113300000000,77514074.4077589810
113400000000,77517470.0962760448
113500000000,77520872.9795504510
113600000000,77524280.6737459749
113700000000,77527696.0812335908
113800000000,77531123.8840980828
113900000000,77534557.2153403610
114000000000,77537993.7528287917
114100000000,77541443.2757629752
114200000000,77544893.4217564762
114300000000,77548357.7487867326
114400000000,77551830.0020246655
114500000000,77555305.8763648868
114600000000,77558790.4262610823
114700000000,77562281.9086743444
114800000000,77565785.2318903655
114900000000,77569293.0584398806
115000000000,77572809.9359396249
115100000000,77576325.3408511430
115200000000,77579858.1947882622
115300000000,77583395.9080143869
115400000000,77586941.0697825402
115500000000,77590493.4188564569
115600000000,77594053.6135873348
115700000000,77597619.0381894559
115800000000,77601198.0456334054
115900000000,77604774.1893030256
116000000000,77608367.3894210756
116100000000,77611961.1960920691
116200000000,77615570.9352352619
116300000000,77619182.1573357284
116400000000,66954396.8347681612
116500000000,66954417.9926066324
116600000000,66954447.8165090457
116700000000,66954486.9715913013
116800000000,66954525.1187999099
116900000000,66954571.8717265651
117000000000,66954623.2079706118
117100000000,66954680.5012486726
117200000000,66954745.3065966442
117300000000,66954815.9484899268
117400000000,66954892.7647948489
117500000000,66954970.5705711544
117600000000,66955061.3688740358
117700000000,66955152.1859413162
117800000000,66955247.8450198472
117900000000,66955352.8100066334
118000000000,66955466.1240396798
118100000000,66955578.7982144132
118200000000,66955697.4012470692
118300000000,66955826.6020147204
118400000000,66955957.8201707006
118500000000,66956094.8854511902
118600000000,66956240.6270161495
118700000000,66956390.1835904643
118800000000,66956544.3409545049
118900000000,66956707.6595694870
119000000000,66956872.6548799053
119100000000,66957044.0994904563
119200000000,66957221.4712316915
119300000000,66957405.6440327242
119400000000,66957596.8598941192
119500000000,66957789.4685177803
119600000000,66957990.5138038918
119700000000,66958198.7278355584
119800000000,66958410.6789563075
119900000000,66958630.1472203657
120000000000,66958849.5320857838
120100000000,66959079.3941270784
120200000000,66959316.8414570019
120300000000,66959556.9004881904
120400000000,66959803.1677709520
120500000000,66960056.7103210315
120600000000,66960311.0151281804
120700000000,66960575.5388570428
120800000000,66960846.6198407039
120900000000,66961120.0890794694
121000000000,66961399.8391923085
121100000000,66961689.5704662725
121200000000,66961979.0823629871
121300000000,66962274.2720278427
121400000000,66962580.0921386629
121500000000,66962888.3253829554
121600000000,66963203.5760246813
121700000000,66963527.0077477917
121800000000,66963850.1743344963
121900000000,66964181.3611590490
122000000000,66964518.4370193705
122100000000,66964863.2820417136
122200000000,66965211.6091714725
122300000000,66965567.4532398954
122400000000,66965927.7638565004
122500000000,66966292.6810980141
122600000000,66966665.6618880779
122700000000,66967040.5480967090
122800000000,66967421.4716359675
122900000000,66967811.7181541398
123000000000,66968205.6029367596
123100000000,66968607.2122982368
123200000000,66969012.8265166953
123300000000,66969425.0344902128
123400000000,66969841.0141506195
123500000000,66970264.5613451004
123600000000,66970692.4522750452
123700000000,66971125.4439982101
123800000000,66971564.7620597035
123900000000,66972011.6288607642
124000000000,66972463.0096262023
124100000000,66972918.1566491276
124200000000,66973382.7891765311
124300000000,66973851.3197674602
124400000000,66974323.5826635510
124500000000,66974805.0289976820
124600000000,66975288.6959725618
124700000000,66975782.7826770619
124800000000,66976279.9530795664
124900000000,66976779.4560844079
125000000000,66977289.1753736138
125100000000,66977800.2613005042
125200000000,66978319.8239274994
125300000000,66978846.8187970743
125400000000,66979377.4328015298
125500000000,66979912.1335400492
125600000000,66980453.5427763686
125700000000,66981002.6139260903
125800000000,66981554.9827087000
125900000000,66982117.0452140346
126000000000,66982682.4598428309
126100000000,66983250.6044603065
126200000000,66983827.9137049541
126300000000,66984409.3354214802
126400000000,66984995.5602225736
126500000000,66985588.5627846867
126600000000,66986191.7730029225
126700000000,66986792.0293380842
126800000000,66987402.6069586053
126900000000,66988021.1432823986
127000000000,66988641.0471847057
127100000000,66989268.2043148503
127200000000,66989901.9685775563
127300000000,66990539.7936984003
127400000000,66991183.6378355026
127500000000,66991835.0939290673
127600000000,66992491.1371412575
127700000000,66993148.4722903445
127800000000,66993816.0178792477
127900000000,66994491.9210583195
128000000000,66995167.5428973734
128100000000,66995852.2614220828
128200000000,66996542.4153057933
128300000000,66997236.4097044095
128400000000,66997938.3527511582
128500000000,66998643.4789041951
128600000000,66999356.9316524267
128700000000,67000074.4370581582
128800000000,67000798.3293771818
128900000000,67001526.3361790776
129000000000,67002265.2246768549
129100000000,67003001.8977977633
129200000000,67003748.6976545081
129300000000,67004498.7513803691
129400000000,67005259.8445363194
129500000000,67006021.5672207996
129600000000,67006790.1356382892
129700000000,67007563.3857212216
129800000000,67008342.7524853349
129900000000,67009128.4917843938
130000000000,67009922.1076007709
130100000000,67010720.0712412745
130200000000,67011518.6166985184
130300000000,67012326.6701432094
130400000000,67013141.4413980991
130500000000,67013961.0971490666
130600000000,67014787.2203272283
130700000000,67015619.9580405876
130800000000,67016455.7997951135
130900000000,67017302.3222379237
131000000000,67018145.1891929880
131100000000,67018999.3527501374
131200000000,67019859.2494258136
131300000000,67020725.1182599142
131400000000,67021593.6885664836
131500000000,67022470.0942551792
131600000000,67023352.3713718653
131700000000,67024238.8617145941
131800000000,67025131.5923871472
131900000000,67026028.5880589709
132000000000,67026933.5277696550
132100000000,67027842.8415440693
132200000000,67028760.1581754535
132300000000,67029678.6877238527
132400000000,67030607.2931017131
132500000000,67031538.5674804300
132600000000,67032477.3187339380
132700000000,67033424.8432774097
132800000000,67034368.8363772780
132900000000,67035326.4940021560
133000000000,67036285.8113847822
133100000000,67037254.7353378013
133200000000,67038226.1687518507
133300000000,67039201.6225939468
133400000000,67040186.9303875938
133500000000,67041175.4788518921
133600000000,67042169.5050194487
133700000000,67043171.2941205576
133800000000,67044173.9626717120
133900000000,67045188.7091693580
134000000000,67046202.2973352596
134100000000,67047224.5025448129
134200000000,67048256.3956698999
134300000000,67049290.0654436499
134400000000,67050328.9719635844
134500000000,67051370.2773482576
134600000000,67052421.3699936345
134700000000,67053480.5376330465
134800000000,67054540.5219287425
134900000000,67055609.2229195535
135000000000,67056681.3796666861
135100000000,67057759.9982226342
135200000000,67058846.8718303367
135300000000,67059932.6475856826
135400000000,67061029.7254515439
135500000000,67062132.5609268695
135600000000,67063236.7560834363
135700000000,67064350.9484531432
135800000000,67065466.8578653336
135900000000,67066591.5515245795
136000000000,67067721.6846155748
136100000000,67068855.0924404487
136200000000,67069994.7612896115
136300000000,67071141.3573912159
136400000000,67072293.2437645271
136500000000,67073452.6092857867
136600000000,67074613.6614095047
136700000000,67075779.2128898203
136800000000,67076955.3730265722
136900000000,67078134.0591007024
137000000000,67079320.5193503723
137100000000,67080510.4562049359
137200000000,67081707.4740880877
137300000000,67082911.3738736585
137400000000,67084117.1865436062
137500000000,67085331.0469743162
137600000000,67086551.1748491302
137700000000,67087774.3721853495
137800000000,67089005.5920283347
137900000000,67090238.7106108293
138000000000,67091479.3059295714
138100000000,67092726.0081824362
138200000000,67093977.1963393688
138300000000,67095237.3272102028
138400000000,67096499.7095240206
138500000000,67097768.4318986982
138600000000,67099046.3248365000
138700000000,67100322.5620813444
138800000000,67101614.3200121298
138900000000,67102900.2740877122
139000000000,67104198.4395233020
139100000000,67105500.5495046675
139200000000,67106810.8738524467
139300000000,67108124.6418306231
139400000000,67109440.4677190781
139500000000,67110769.2359550595
139600000000,67112096.5903220624
139700000000,67113434.5126594603
139800000000,67114773.3569420576
139900000000,67116122.0778071880
140000000000,67117474.7065246552
140100000000,67118834.1426122636
140200000000,67120198.9892503172
140300000000,67121565.1979811490
140400000000,67122938.5199985802
140500000000,67124319.5456046313
140600000000,67125709.5690477192
140700000000,67127099.0034351498
140800000000,67128495.8537423015
140900000000,67129897.6436885744
141000000000,67131308.2587939650
141100000000,67132720.4441131502
141200000000,67134141.3266932219
141300000000,67135565.7179944366
141400000000,67136995.6950072646
141500000000,67138428.6149137616
141600000000,67139871.8586083800
141700000000,67141318.6596339643
141800000000,67142771.7023786902
141900000000,67144231.9757078737
142000000000,67145694.9289204329
142100000000,67147165.2137353867
142200000000,67148637.2467085570
142300000000,67150117.7912704647
142400000000,67151602.3645369858
142500000000,67153096.6201249957
142600000000,67154594.0783396065
142700000000,67156097.4019486457
142800000000,67157604.6453254074
142900000000,67159121.9867953360
143000000000,67160639.9076203704
143100000000,67162163.9018018842
143200000000,67163693.9574734122
143300000000,67165228.0843309313
143400000000,67166767.6010887325
143500000000,67168315.5788198411
143600000000,67169869.2359087169
143700000000,67171425.7189707309
143800000000,67172991.5653250217
143900000000,67174559.4085846096
144000000000,67176134.8430254310
144100000000,67177714.7281191945
144200000000,67179298.0029474050
144300000000,67180888.7200250477
144400000000,67182487.1673335135
144500000000,67184087.1858946830
144600000000,67185696.7367732376
144700000000,67187310.2242490947
144800000000,67188924.9848288596
144900000000,67190553.2371921837
145000000000,67192180.6721820533
145100000000,67193815.5323075056
145200000000,67195456.4537204206
145300000000,67197102.8997237980
145400000000,67198756.3794609308
145500000000,67200410.0206750035
145600000000,67202073.6605623960
145700000000,67203745.0353714228
145800000000,67205413.3640572429
145900000000,67207095.2863489687
146000000000,67208778.4525165409
146100000000,67210471.8770995140
146200000000,67212167.4666704834
146300000000,67213868.0249589682
146400000000,67215573.3617061377
146500000000,67217286.7501851469
146600000000,67219002.5302320719
146700000000,67220727.8530420810
146800000000,67222453.6502684057
146900000000,75516345.1040989459
147000000000,75512250.6475291848
147100000000,75508162.4556868970
147200000000,75504078.9903161675
147300000000,75499999.0286744833
147400000000,75495924.6981201023
147500000000,75491859.9911697358
147600000000,75487796.0281814933
147700000000,75483735.5624296367
147800000000,75479687.3231928796
147900000000,75475639.2789936364
148000000000,75471572.6537351459
148100000000,75467538.2928179651
148200000000,75463507.2020195723
148300000000,75459464.2773773670
148400000000,75455439.6399056911
148500000000,75451425.7390422076
148600000000,75447392.5987564623
148700000000,75443387.6563103497
148800000000,75439367.5358866006
148900000000,75435371.9839727730
149000000000,75431360.6825683564
149100000000,75427354.7247074693
149200000000,75423375.7511451393
149300000000,75419384.1116932929
149400000000,75415391.9421756864
149500000000,75411406.8294623792
149600000000,75407450.7021649480
149700000000,75403479.7402375042
149800000000,75399507.4861161411
149900000000,75395545.0763945729
150000000000,75391592.6529715210
150100000000,75387634.3248089850
150200000000,75383690.1251006126
150300000000,75379747.3290700912
150400000000,75375791.3200932741
150500000000,75371857.1236690879
150600000000,75367932.0003364533
150700000000,75364017.2383989096
150800000000,75360077.5857043713
150900000000,75356166.7255475372
151000000000,75352266.1572881341
151100000000,75348340.5051085651
151200000000,75344451.1721493006
151300000000,75340540.5086076111
151400000000,75336656.5671190023
151500000000,75332757.9119774848
151600000000,75328882.1603944898
151700000000,75325002.0600219965
151800000000,75321113.9898824841
151900000000,75317260.4540939629
152000000000,75313384.6995071620
152100000000,75309518.4601075202
152200000000,75305656.9583799094
152300000000,75301802.3721780181
152400000000,75297948.6457984298
152500000000,75294105.9512981623
152600000000,75290290.1282398850
152700000000,75286431.9037400186
152800000000,75282603.2561488450
152900000000,75278779.2153810263
153000000000,75274962.9650534689
153100000000,75271149.3092518896
153200000000,75267342.9429636151
153300000000,75263540.1121308208
153400000000,75259722.0329362899
153500000000,75255932.3889816850
153600000000,75252144.7883314639
153700000000,75248343.7247897536
153800000000,75244572.1776302904
153900000000,75240783.3967086822
154000000000,75237016.5276243240
154100000000,75233237.1323506385
154200000000,75229485.4581123888
154300000000,75225712.9920410067
154400000000,75221954.3190580606
154500000000,75218191.2726932168
154600000000,75214462.9581750631
154700000000,75210713.3327241093
154800000000,75206975.2235555798
154900000000,75203238.2782579809
155000000000,75199508.4723658711
155100000000,75195782.6597578526
155200000000,75192065.2589872628
155300000000,75188347.1222945601
155400000000,75184638.0440950245
155500000000,75180938.1285211742
155600000000,75177243.1902740300
155700000000,75173550.7337036133
155800000000,75169865.8982788920
155900000000,75166156.5003414154
156000000000,75162485.7646051198
156100000000,75158814.4768585414
156200000000,75155127.2517244518
156300000000,75151469.4418151677
156400000000,75147817.9596299529
156500000000,75144145.4599748850
156600000000,75140507.3804403245
156700000000,75136845.3476090729
156800000000,75133191.6304297000
156900000000,75129567.2194706053
157000000000,75125925.3495550454
157100000000,75122289.8137605488
157200000000,75118680.7278743684
157300000000,75115059.4500553906
157400000000,75111438.7271082550
157500000000,75107819.9717057347
157600000000,75104214.7270076275
157700000000,75100610.8810980320
157800000000,75097015.2251968235
157900000000,75093424.9785018563
158000000000,75089837.7573569566
158100000000,75086259.6758095026
158200000000,75082681.9661474973
158300000000,75079112.7624215484
158400000000,75075531.3880334496
158500000000,75071970.3260134757
158600000000,75068417.9553499967
158700000000,75064874.5075912923
158800000000,75061307.4712535739
158900000000,75057772.2086649090
159000000000,75054221.6475774646
159100000000,75050695.5659245551
159200000000,75047155.4888768345
159300000000,75043648.5941250622
159400000000,75040113.1243844479
159500000000,75036590.0028890222
159600000000,75033097.4391492307
159700000000,75029584.9564676583
159800000000,75026078.0290104896
159900000000,75022575.9915146828
160000000000,75019104.1610960364
160100000000,75015615.7571611255
160200000000,75012132.3793290704
160300000000,75008649.8442736566
160400000000,75005183.0748150498
160500000000,75001712.7142393291
160600000000,74998252.1682275683
160700000000,74994798.4184259325
160800000000,74991325.0088425875
160900000000,74987882.8942117244
161000000000,74984440.9134796858
161100000000,74981015.5095840693
161200000000,74977561.9657369703
161300000000,74974143.3408943415
161400000000,74970728.0605372787
161500000000,74967291.3979657739
161600000000,74963893.4143007249
161700000000,74960470.6857049465
161800000000,74957078.6528408378
161900000000,74953668.5376496315
162000000000,74950289.0076199472
162100000000,74946894.6227021068
162200000000,74943500.0521058440
162300000000,74940115.8570052534
162400000000,74936758.3378455639
162500000000,74933379.5827671438
162600000000,74930012.6311449111
162700000000,74926647.1307639480
162800000000,74923296.3396393955
162900000000,74919942.8517861366
163000000000,74916595.8021269739
163100000000,74913257.5578955859
163200000000,74909924.2185199261
163300000000,74906596.2410172522
163400000000,74903274.3210529387
163500000000,74899959.7414503098
163600000000,74896622.9386022091
163700000000,74893319.4605042934
163800000000,74890021.8898082376
163900000000,74886704.4094064236
164000000000,74883419.7101213634
164100000000,74880113.8613284528
164200000000,74876840.7572074682
164300000000,74873544.9701114297
164400000000,74870282.4432516992
164500000000,74867002.5722074062
164600000000,74863747.9586519003
164700000000,74860483.1009679139
164800000000,74857215.7301882803
164900000000,74853960.5981205255
165000000000,74850733.9856840968
165100000000,74847481.9121247083
165200000000,74844244.5413809717
165300000000,74841013.4126823395
165400000000,74837783.4092483819
165500000000,74834563.4046595097
165600000000,74831345.0424622297
165700000000,74828133.6272459179
165800000000,74824934.6617256999
165900000000,74821733.8608102649
166000000000,74818520.1518774927
166100000000,74815331.7266643792
166200000000,74812153.9221834987
166300000000,74808975.9419158101
166400000000,74805783.9055016935
166500000000,74802621.6263684183
166600000000,74799444.9708790481
166700000000,74796292.0717618614
166800000000,74793124.9836160243
166900000000,74789986.0334028751
167000000000,74786827.0055206865
167100000000,74783701.1704243869
167200000000,74780556.3732510805
167300000000,74777420.4062265009
167400000000,74774309.0722094476
167500000000,74771184.4185759574
167600000000,74768063.0489880741
167700000000,74764951.3190644532
167800000000,74761843.4730215818
167900000000,74758737.3120202720
168000000000,74755641.5078540295
168100000000,74752551.9455412924
168200000000,74749466.6160961092
168300000000,74746389.0087033361
168400000000,74743316.9766065627
168500000000,74740251.0414891988
168600000000,74737190.5827877074
168700000000,74734109.3651213795
168800000000,74731064.2650164366
168900000000,74728021.2468019277
169000000000,74724961.6990276575
169100000000,74721934.0620028824
169200000000,74718881.8564215004
169300000000,74715867.3151149452
169400000000,74712831.1383413225
169500000000,74709823.8988581151
169600000000,74706801.6903347522
169700000000,74703782.9097810984
169800000000,74700793.3099515140
169900000000,74697792.6562645286
170000000000,74694792.3352528960
170100000000,74691799.8070453107
170200000000,74688838.2971806824
170300000000,74685857.4777906239
170400000000,74682879.8917494565
170500000000,74679914.2576946616
170600000000,74676951.0970101207
170700000000,74673995.1472119540
170800000000,74671045.2162462771
170900000000,74668077.0727219135
171000000000,74665133.4376531839
171100000000,74662206.3681240380
171200000000,74659276.5888487697
171300000000,74656363.6004805416
171400000000,74653423.6735125929
171500000000,74650513.2291052639
171600000000,74647588.9652872086
171700000000,74644695.0265793353
171800000000,74641783.8702336252
171900000000,74638899.7481220216
172000000000,74635998.1658592820
172100000000,74633131.9307047874
172200000000,74630237.7071466893
172300000000,74627359.4127130061
172400000000,74624508.5850670785
172500000000,74621640.4325226694
172600000000,74618774.8639472723
172700000000,74615913.1878923476
172800000000,74613070.6689304858
172900000000,74610221.7365217656
173000000000,74607380.4218276441
173100000000,74604547.9242576212
173200000000,74601723.3810449243
173300000000,74598904.6309741735
173400000000,74596085.4273528457
173500000000,74593281.1894521117
173600000000,74590478.6943485886
173700000000,74587657.9495564103
173800000000,74584873.8166969270
173900000000,74582089.4407394528
174000000000,74579289.7589161396
174100000000,74576519.0739440620
174200000000,74573758.1431592703
174300000000,74570974.5538021922
174400000000,74568223.8004193753
174500000000,74565450.1133377105
174600000000,74562688.1411254853
174700000000,74559956.1016571522
174800000000,74557208.0071007758
174900000000,74554464.3241589218
175000000000,74551725.8643078953
175100000000,74549018.7429593205
175200000000,74546294.1800908744
175300000000,74543571.3782097101
175400000000,74540861.8876686096
175500000000,74538154.1829610169
175600000000,74535452.3836476803
175700000000,74532758.1714684516
175800000000,74530072.5332783163
175900000000,74527391.3738957345
176000000000,74524692.7674143314
176100000000,74522023.9537129104
176200000000,74519360.6667926162
176300000000,74516704.7553060204
176400000000,74514033.6487450898
176500000000,74511387.4287929833
176600000000,74508752.9838564694
176700000000,74506094.8586509377
176800000000,74503471.9285251200
176900000000,74500826.9067722112
177000000000,74498192.8395273834
177100000000,74495589.6634814739
177200000000,74492966.1498863548
177300000000,74490352.7768613994
177400000000,74487764.5737498850
177500000000,74485158.3266656399
177600000000,74482557.6776797026
177700000000,74479971.2108596563
177800000000,74477385.7700161189
177900000000,74474811.8305406272
178000000000,74472237.0223217309
178100000000,74469674.3384223580
178200000000,74467111.4895738065
178300000000,74464562.4305260181
178400000000,74462014.3474409282
178500000000,74459472.7413772196
178600000000,74456940.5916379392
178700000000,74454392.3730437607
178800000000,74451868.0870214254
178900000000,74449355.5689388365
179000000000,74446824.7719631046
179100000000,74444321.3908139318
179200000000,74441804.6046373248
179300000000,74439312.4142521024
179400000000,74436808.3536865860
179500000000,74434329.2877379656
179600000000,74431837.4821214676
179700000000,74429351.6914731711
179800000000,74426894.4321779907
179900000000,74424419.3210350722
180000000000,74421951.0400903523
180100000000,74419494.0537489802
180200000000,74417040.0595268458
180300000000,74414612.4904430658
180400000000,74412170.5089631230
180500000000,74409734.8204117864
180600000000,74407307.8270433247
180700000000,74404863.7225366682
180800000000,74402447.1158025116
180900000000,74400040.9494672418
181000000000,74397636.3631354123
181100000000,74395239.2004033774
181200000000,74392823.7044521868
181300000000,74390440.7918825150
181400000000,74388064.6710074544
181500000000,74385671.1052671969
181600000000,74383310.7585210949
181700000000,74380927.9377338290
181800000000,74378577.1571982056
181900000000,74376210.0432396233
182000000000,74373873.5021352768
182100000000,74371514.6813012511
182200000000,74369171.1144488156
182300000000,74366849.1456495523
182400000000,74364518.0830122232
182500000000,74362188.9563877136
182600000000,74359862.3770427853
182700000000,74357548.1759673953
182800000000,74355242.3404932171
182900000000,74352938.4821099937
183000000000,74350640.5763357282
183100000000,74348353.0705263317
183200000000,74346071.8700511605
183300000000,74343796.4410734177
183400000000,74341523.6000345945
183500000000,74339264.0245613307
183600000000,74336984.2198533118
183700000000,74334732.6024336517
183800000000,74332487.8451900780
183900000000,74330226.9863629937
184000000000,74327997.2224280387
184100000000,74325750.9940049201
184200000000,74323537.7304987907
184300000000,74321297.5613819361
184400000000,74319097.4985747784
184500000000,74316875.9795137048
184600000000,74314659.2025660425
184700000000,74312474.8169893622
184800000000,74310278.8421228975
184900000000,74308081.6661771387
185000000000,74305898.8232140988
185100000000,74303716.1228353977
185200000000,74301567.2782685906
185300000000,74299396.2119319737
185400000000,74297238.2741063982
185500000000,74295082.5247167200
185600000000,74292907.4747959822
185700000000,74290772.5400738716
185800000000,74288639.3214556873
185900000000,74286507.1266542226
186000000000,74284389.3926670998
186100000000,74282248.4000089020
186200000000,74280143.9552187920
186300000000,74278032.7472170442
186400000000,74275926.1151561737
186500000000,74273830.0364688784
186600000000,74271743.0524733216
186700000000,74269654.0745008588
186800000000,74267569.1611753106
186900000000,74265497.2472653836
187000000000,74263427.0172680914
187100000000,74261362.0222851038
187200000000,74259308.7367203534
187300000000,74257253.0894811153
187400000000,74255207.2083625495
187500000000,74253166.5497196466
187600000000,74251132.1386228651
187700000000,74249105.6083344668
187800000000,74247078.0371884406
187900000000,74245061.8441587090
188000000000,74243048.5400318056
188100000000,74241038.0953945220
188200000000,74239038.7282192558
188300000000,74237048.2755222023
188400000000,74235060.2356036007
188500000000,74233074.0450194329
188600000000,74231098.0939951241
188700000000,74229123.6062950492
188800000000,74227163.9959998876
188900000000,74225199.4631662220
189000000000,74223246.8870539814
189100000000,74221294.7135906368
189200000000,74219358.1210515797
189300000000,74217421.0020747036
189400000000,74215487.6136549115
189500000000,74213567.1737420857
189600000000,74211647.0571666956
189700000000,74209735.2396190166
189800000000,74207824.5165632367
189900000000,74205926.5301772654
190000000000,74204028.3944586217
190100000000,74202141.1223930418
190200000000,74200259.0183859020
190300000000,74198379.9610402286
190400000000,74196506.0279919207
190500000000,74194636.2987396270
190600000000,74192778.8458204269
190700000000,74190928.6225502193
190800000000,74189078.4205365628
190900000000,74187235.4645441771
191000000000,74185394.1181729585
191100000000,74183566.0294115990
191200000000,74181740.4931752682
191300000000,74179922.8579510897
191400000000,74178111.6675485075
191500000000,74176302.0079653710
191600000000,74174502.2888140082
191700000000,74172705.1948573589
191800000000,74170917.3815140277
191900000000,74169131.6542633176
192000000000,74167355.6157107204
192100000000,74165582.2451834530
192200000000,74163817.3836411089
192300000000,74162057.8153201789
192400000000,74160303.3019047230
192500000000,74158556.1832501739
192600000000,74156815.7008201778
192700000000,74155079.7804013193
192800000000,74153346.9274542183
192900000000,74151624.5013110042
193000000000,74149907.5424276888
193100000000,74148190.2467918843
193200000000,74146484.0038867295
193300000000,74144788.4297909737
193400000000,74143093.2088252753
193500000000,74141408.5711243451
193600000000,74139726.5919183940
193700000000,74138045.6083572805
193800000000,74136379.2103329748
193900000000,74134715.7093285322
194000000000,74133055.2291644067
194100000000,74131401.0692916960
194200000000,74129757.6304667592
194300000000,74128120.2046235204
194400000000,74126483.7176182419
194500000000,74124851.6644241661
194600000000,74123237.6442289799
194700000000,74121619.2414036542
194800000000,74120003.8010677993
194900000000,74118403.8236771971
195000000000,74116804.8988247067
195100000000,74115212.5721763521
195200000000,74113629.9019059986
195300000000,74112050.2515497953
195400000000,74110474.5523844510
195500000000,74108907.2368900776
195600000000,74107344.8644581884
195700000000,74105796.9003048688
195800000000,74104243.3435739130
195900000000,74102700.3785106093
196000000000,74101163.8171944022
196100000000,74099631.2244073302
196200000000,74098107.2629899383
196300000000,74096589.4527940899
196400000000,74095077.1744470745
196500000000,74093574.0860024542
196600000000,74092066.4268179834
196700000000,74090576.2501034439
196800000000,74089087.3564737588
196900000000,74087607.4138418585
197000000000,74086128.7955221832
197100000000,74084659.3983588666
197200000000,74083191.5365379006
197300000000,74081738.5133883804
197400000000,74080285.9183464795
197500000000,74078844.6032228619
197600000000,74077404.4238410294
197700000000,74075966.8450224251
197800000000,74074544.5432787091
197900000000,74073121.9308850020
198000000000,74071707.8896466494
198100000000,74070297.6997305900
198200000000,74068901.0624666661
198300000000,74067503.1395472437
198400000000,74066111.8628685623
198500000000,74064729.6729740351
198600000000,74063352.0759701282
198700000000,74061983.7879755348
198800000000,74060618.4698350877
198900000000,74059258.0124336481
199000000000,74057908.2071228325
199100000000,74056561.2326506823
199200000000,74055221.1740377545
199300000000,74053884.7781832367
199400000000,74052559.6057639420
199500000000,74051236.9291018397
199600000000,74049924.0792891085
199700000000,74048615.1569962502
199800000000,74047316.7005707920
199900000000,74046016.9746955037
