0,23726228.1294614822
100000000,23726463.2921485975
200000000,23726700.1226561889
300000000,23726937.7870740145
400000000,23727177.1193123199
500000000,23727418.1193711013
600000000,23727659.1194298826
700000000,23727902.6212193780
800000000,23728146.9569191113
900000000,23728392.1265290789
1000000000,23728639.7978697643
1100000000,23728888.3031206876
1200000000,23729136.8083716109
1300000000,23729387.8153532483
1400000000,23729639.6562451199
1500000000,23729893.1649574712
1600000000,23730147.5075800605
1700000000,23730403.5180231258
1800000000,23730661.1962866671
1900000000,23730919.7084604427
2000000000,23731179.0545444600
2100000000,23731440.0684489533
2200000000,23731702.7501739226
2300000000,23731965.4318988919
2400000000,23732230.6153545715
2500000000,23732497.4666307308
2600000000,23732764.3179068901
2700000000,23733033.6709137633
2800000000,23733303.0239206366
2900000000,23733574.8786582202
3000000000,23733846.7333958074
3100000000,23734121.0898641087
3200000000,23734396.2802426480
3300000000,23734673.1384416632
3400000000,23734950.8305509128
3500000000,23735229.3565704040
3600000000,23735510.3843206093
3700000000,23735791.4120708145
3800000000,23736074.9415517300
3900000000,23736358.4710326493
4000000000,23736644.5022442825
4100000000,23736930.5334559157
4200000000,23737219.0663982630
4300000000,23737508.4332508445
4400000000,23737799.4679239057
4500000000,23738091.3365072049
4600000000,23738384.8729109801
4700000000,23738679.2432249896
4800000000,23738975.2813594788
4900000000,23739272.1534042060
5000000000,23739570.6932694092
5100000000,23739870.0670448504
5200000000,23740171.1086407639
5300000000,23740473.8180571571
5400000000,23740777.3613837883
5500000000,23741082.5725308955
5600000000,23741388.6175882369
5700000000,23741696.3304660581
5800000000,23742004.8772541173
5900000000,23742314.2579524145
6000000000,23742626.1403814219
6100000000,23742938.8567206711
6200000000,23743252.4069701582
6300000000,23743568.4589503594
6400000000,23743884.5109305568
6500000000,23744203.0646414720
6600000000,23744521.6183523871
6700000000,23744841.8398837782
6800000000,23745164.5631458797
6900000000,23745487.2864079848
7000000000,23745811.6774905659
7100000000,23746136.9024833851
7200000000,23746464.6292069145
7300000000,23746792.3559304476
7400000000,23747122.5843846947
7500000000,23747453.6467491798
7600000000,23747784.7091136612
7700000000,23748118.2732088603
7800000000,23748453.5051245354
7900000000,23748788.7370402105
8000000000,23749126.4706865959
8100000000,23749465.0382432230
8200000000,23749805.2736203261
8300000000,23750146.3429076672
8400000000,23750489.0800154805
8500000000,23750832.6510335356
8600000000,23751177.8898720667
8700000000,23751524.7965310737
8800000000,23751872.5371003151
8900000000,23752221.1115797982
9000000000,23752571.3538797572
9100000000,23752923.2640001923
9200000000,23753276.0080308616
9300000000,23753630.4198820107
9400000000,23753985.6656433977
9500000000,23754342.5792252570
9600000000,23754701.1606275961
9700000000,23755060.5759401731
9800000000,23755421.6590732262
9900000000,23755783.5761165135
10000000000,23756147.1609802805
10100000000,23756512.4136645235
10200000000,23756877.6663487628
10300000000,23757245.4207637198
10400000000,23757614.0090889148
10500000000,23757983.4313243479
10600000000,23758355.3552904911
10700000000,23758728.1131668761
10800000000,23759101.7049534991
10900000000,23759476.9645605944
11000000000,23759853.0580779314
11100000000,23760231.6533259824
11200000000,23760610.2485740334
11300000000,23760990.5116425566
11400000000,23761372.4425315596
11500000000,23761756.0412410386
11600000000,23762139.6399505138
11700000000,23762525.7403907068
11800000000,23762912.6747411378
11900000000,23763301.2769120447
12000000000,23763690.7129931860
12100000000,23764080.9829845689
12200000000,23764473.7547066659
12300000000,23764867.3603389971
12400000000,23765262.6337918080
12500000000,23765658.7411548570
12600000000,23766055.6824281402
12700000000,23766455.1254321411
12800000000,23766854.5684361421
12900000000,23767255.6792606153
13000000000,23767659.2918158062
13100000000,23768062.9043709971
13200000000,23768468.1847466640
13300000000,23768875.1329428032
13400000000,23769282.9150491841
13500000000,23769692.3649760410
13600000000,23770103.4827233702
13700000000,23770514.6004707031
13800000000,23770928.2199487500
13900000000,23771342.6733370312
14000000000,23771758.7945457920
14100000000,23772176.5835750289
14200000000,23772594.3726042621
14300000000,23773013.8294539750
14400000000,23773435.7880344018
14500000000,23773857.7466148250
14600000000,23774282.2069259658
14700000000,23774706.6672371067
14800000000,23775133.6292789578
14900000000,23775561.4252310507
15000000000,23775990.8890036196
15100000000,23776420.3527761847
15200000000,23776853.1521897055
15300000000,23777285.1176929884
15400000000,23777720.4188372195
15500000000,23778155.7199814543
15600000000,23778592.6889461651
15700000000,23779031.3257313482
15800000000,23779470.7964267731
15900000000,23779911.9349426739
16000000000,23780354.7412790470
16100000000,23780798.3815256618
16200000000,23781243.6895927526
16300000000,23781688.9976598397
16400000000,23782136.8074576445
16500000000,23782585.4511656873
16600000000,23783036.5966044404
16700000000,23783487.7420431972
16800000000,23783940.5553024299
16900000000,23784395.0363821350
17000000000,23784850.3513720818
17100000000,23785307.3341825046
17200000000,23785765.9848133996
17300000000,23786226.3032647744
17400000000,23786686.6217161492
17500000000,23787148.6079879962
17600000000,23787612.2620803230
17700000000,23788077.5839931220
17800000000,23788543.7398161627
17900000000,23789011.5634596795
18000000000,23789480.2210134305
18100000000,23789950.5463876612
18200000000,23790421.7056721300
18300000000,23790895.3666873090
18400000000,23791369.8616127297
18500000000,23791844.3565381505
18600000000,23792321.3531942815
18700000000,23792800.0176708922
18800000000,23793279.5160577372
18900000000,23793760.6822650619
19000000000,23794242.6823826246
19100000000,23794726.3503206596
19200000000,23795211.6860791743
19300000000,23795697.8557479270
19400000000,23796185.6932371520
19500000000,23796674.3646366186
19600000000,23797164.7038565576
19700000000,23797656.7108969763
19800000000,23798148.7179373950
19900000000,23798644.0606187619
20000000000,23799139.4033001326
20100000000,23799636.4138019793
20200000000,23800134.2582140602
20300000000,23800634.6043568589
20400000000,23801135.7844098918
20500000000,23801637.7983731665
20600000000,23802141.4801569171
20700000000,23802646.8297611400
20800000000,23803153.8471858427
20900000000,23803660.8646105416
21000000000,23804169.5498557203
21100000000,23804680.7368316129
21200000000,23805191.9238075018
21300000000,23805705.6125141084
21400000000,23806220.1351309493
21500000000,23806736.3255682699
21600000000,23807252.5160055906
21700000000,23807771.2081736214
21800000000,23808290.7342518941
21900000000,23808812.7620608769
22000000000,23809335.6237801015
22100000000,23809859.3194095641
22200000000,23810384.6828594990
22300000000,23810910.8802196756
22400000000,23811439.5793105625
22500000000,23811968.2784014530
22600000000,23812498.6453128196
22700000000,23813030.6800446585
22800000000,23813564.3825969771
22900000000,23814098.9190595299
23000000000,23814635.1233425625
23100000000,23815172.9954460710
23200000000,23815711.7014598139
23300000000,23816251.2413837984
23400000000,23816793.2830384932
23500000000,23817336.1586034298
23600000000,23817879.8680786043
23700000000,23818426.0792844892
23800000000,23818972.2904903777
23900000000,23819521.8373372145
24000000000,23820071.3841840550
24100000000,23820621.7649411298
24200000000,23821174.6474289224
24300000000,23821728.3638269529
24400000000,23822283.7480454557
24500000000,23822839.9661742002
24600000000,23823397.0182131790
24700000000,23823956.5719828755
24800000000,23824517.7935730442
24900000000,23825079.0151632167
25000000000,23825641.9045738652
25100000000,23826207.2957152240
25200000000,23826772.6868565865
25300000000,23827340.5797286592
25400000000,23827909.3065109737
25500000000,23828478.8672035225
25600000000,23829050.9296267889
25700000000,23829622.9920500517
25800000000,23830197.5562040322
25900000000,23830772.9542682506
26000000000,23831350.0201529413
26100000000,23831928.7538581118
26200000000,23832508.3214735165
26300000000,23833089.5569094010
26400000000,23833671.6262555197
26500000000,23834255.3634221181
26600000000,23834839.9344989508
26700000000,23835427.0073065013
26800000000,23836014.9140242897
26900000000,23836604.4885625504
27000000000,23837194.8970110528
27100000000,23837786.9732800275
27200000000,23838379.8834592439
27300000000,23838975.2953691706
27400000000,23839570.7072791010
27500000000,23840168.6209197417
27600000000,23840767.3684706241
27700000000,23841367.7838419788
27800000000,23841969.0331235752
27900000000,23842571.9502256475
28000000000,23843176.5351481922
28100000000,23843781.9539809786
28200000000,23844389.0406342372
28300000000,23844997.7951079756
28400000000,23845607.3834919482
28500000000,23846219.4736066386
28600000000,23846831.5637213252
28700000000,23847446.1555667296
28800000000,23848060.7474121302
28900000000,23848677.8409882486
29000000000,23849295.7684746012
29100000000,23849916.1976916716
29200000000,23850536.6269087382
29300000000,23851159.5578565225
29400000000,23851782.4888043031
29500000000,23852407.9214828014
29600000000,23853034.1880715340
29700000000,23853662.9563909844
29800000000,23854291.7247104347
29900000000,23854922.9947605953
30000000000,23855554.2648107596
30100000000,23856188.0365916342
30200000000,23856822.6422827505
30300000000,23857458.9157943390
30400000000,23858096.0232161693
30500000000,23858735.6323687099
30600000000,23859376.0754314922
30700000000,23860018.1863147467
30800000000,23860661.1311082430
30900000000,23861304.9098119736
31000000000,23861951.1902464218
31100000000,23862599.1385013424
31200000000,23863247.9206665047
31300000000,23863897.5367419012
31400000000,23864548.8206377774
31500000000,23865202.6062643640
31600000000,23865856.3918909542
31700000000,23866511.8453380167
31800000000,23867168.9666055590
31900000000,23867827.7556935735
32000000000,23868487.3786918297
32100000000,23869149.5034207962
32200000000,23869811.6281497665
32300000000,23870476.2546094470
32400000000,23871141.7149793692
32500000000,23871808.8431697637
32600000000,23872476.8052703999
32700000000,23873147.2691017464
32800000000,23873817.7329330929
32900000000,23874490.6984951571
33000000000,23875164.4979674555
33100000000,23875839.1313499957
33200000000,23876516.2664632462
33300000000,23877195.0693969764
33400000000,23877873.8723307028
33500000000,23878555.1769951470
33600000000,23879237.3155698255
33700000000,23879921.1219649836
33800000000,23880606.5961806141
33900000000,23881292.9043064862
34000000000,23881981.7141630687
34100000000,23882670.5240196548
34200000000,23883361.8356069513
34300000000,23884053.9811044894
34400000000,23884747.7944224998
34500000000,23885443.2755609900
34600000000,23886139.5906097144
34700000000,23886836.7395686768
34800000000,23887536.3902583569
34900000000,23888236.8748582713
35000000000,23888939.0272786655
35100000000,23889643.6814297698
35200000000,23890348.3355808780
35300000000,23891054.6575524583
35400000000,23891762.6473445185
35500000000,23892471.4710468128
35600000000,23893181.9625695869
35700000000,23893894.9558230713
35800000000,23894607.9490765557
35900000000,23895323.4440607578
36000000000,23896038.9390449561
36100000000,23896756.9357598722
36200000000,23897476.6002952605
36300000000,23898197.0987408906
36400000000,23898919.2650069930
36500000000,23899643.0990935750
36600000000,23900367.7670903914
36700000000,23901094.1029076837
36800000000,23901821.2726352178
36900000000,23902550.9440934621
37000000000,23903281.4494619481
37100000000,23904013.6226509064
37200000000,23904746.6297501065
37300000000,23905482.1385800168
37400000000,23906218.4813201688
37500000000,23906956.4918807931
37600000000,23907696.1702618934
37700000000,23908435.8486429974
37800000000,23909178.0287548117
37900000000,23909922.7105973437
38000000000,23910666.5585296340
38100000000,23911413.7421028800
38200000000,23912160.9256761223
38300000000,23912910.6109800786
38400000000,23913661.1301942766
38500000000,23914413.3172289468
38600000000,23915167.1720840968
38700000000,23915921.8608494811
38800000000,23916678.2174353451
38900000000,23917436.2418416813
39000000000,23918195.9340684935
39100000000,23918956.4602055475
39200000000,23919719.4880733117
39300000000,23920482.5159410797
39400000000,23921248.0455395579
39500000000,23922014.4090482742
39600000000,23922782.4403774701
39700000000,23923552.1395271383
39800000000,23924323.5064972863
39900000000,23925095.7073776685
40000000000,23925869.5760785267
40100000000,23926644.2786896266
40200000000,23927421.4830314368
40300000000,23928199.5212834887
40400000000,23928978.3934457749
40500000000,23929759.7673387751
40600000000,23930542.8090522550
40700000000,23931326.6846759692
40800000000,23932112.2281201631
40900000000,23932898.6054745913
41000000000,23933686.6506494954
41100000000,23934477.1975551173
41200000000,23935268.5783709735
41300000000,23936061.6270073093
41400000000,23936855.5095538795
41500000000,23937651.0599209256
41600000000,23938448.2781084515
41700000000,23939246.3302062117
41800000000,23940046.8840346895
41900000000,23940848.2717734016
42000000000,23941651.3273325898
42100000000,23942455.2168020196
42200000000,23943260.7740919217
42300000000,23944068.8331125379
42400000000,23944876.8921331577
42500000000,23945687.4528844878
42600000000,23946498.8475460596
42700000000,23947312.7439383417
42800000000,23948127.4742408618
42900000000,23948943.8723638617
43000000000,23949761.1043970957
43100000000,23950580.0042508058
43200000000,23951400.5719249956
43300000000,23952222.8074196577
43400000000,23953046.7107347995
43500000000,23953871.4479601756
43600000000,23954697.0190957896
43700000000,23955525.0919621214
43800000000,23956354.8326489255
43900000000,23957186.2411562055
44000000000,23958018.4835737273
44100000000,23958851.5599014834
44200000000,23959686.3040497154
44300000000,23960523.5499286652
44400000000,23961362.4636280872
44500000000,23962201.3773275092
44600000000,23963042.7927576490
44700000000,23963885.0420980230
44800000000,23964729.7931691147
44900000000,23965575.3781504408
45000000000,23966423.4648624808
45100000000,23967270.7176642865
45200000000,23968121.3061070405
45300000000,23968973.5623702705
45400000000,23969826.6525437422
45500000000,23970680.5766274482
45600000000,23971536.1685316302
45700000000,23972394.2621665299
45800000000,23973253.1897116639
45900000000,23974113.7850772738
46000000000,23974976.0482633635
46100000000,23975839.1453596875
46200000000,23976703.9102764875
46300000000,23977570.3430137672
46400000000,23978439.2774817571
46500000000,23979308.2119497471
46600000000,23980179.6481484547
46700000000,23981051.9182573967
46800000000,23981925.8561868146
46900000000,23982801.4619367123
47000000000,23983678.7355070822
47100000000,23984556.8429876901
47200000000,23985436.6182887778
47300000000,23986318.0614103377
47400000000,23987201.1723523736
47500000000,23988085.1172046512
47600000000,23988971.5637876391
47700000000,23989858.8442808650
47800000000,23990748.6265048087
47900000000,23991638.4087287486
48000000000,23992530.6926834024
48100000000,23993424.6444585323
48200000000,23994318.5962336659
48300000000,23995215.8836497478
48400000000,23996113.1710658297
48500000000,23997012.9602126293
48600000000,23997913.5832696632
48700000000,23998816.7080574110
48800000000,23999721.5006656386
48900000000,24000625.4593636245
49000000000,24001532.7537025623
49100000000,24002442.5497722179
49200000000,24003352.3458418697
49300000000,24004263.8097319975
49400000000,24005177.7753528394
49500000000,24006091.7409736849
49600000000,24007008.2083252408
49700000000,24007924.6756767966
49800000000,24008844.4786693081
49900000000,24009765.9494822919
50000000000,24010687.4202952757
50100000000,24011611.3928389736
50200000000,24012537.0332031511
50300000000,24013464.3413878009
50400000000,24014391.6495724507
50500000000,24015321.4594878182
50600000000,24016253.7711338960
50700000000,24017186.0827799737
50800000000,24018120.8961567655
50900000000,24019057.3773540370
51000000000,24019994.6924615428
51100000000,24020933.6753895245
51200000000,24021874.3261379860
51300000000,24022815.8107966818
51400000000,24023759.7971860915
51500000000,24024704.6174857393
51600000000,24025652.7734263428
51700000000,24026600.0954567045
51800000000,24027550.7531280182
51900000000,24028502.2447095700
52000000000,24029454.5702013634
52100000000,24030408.5635136291
52200000000,24031364.2246463709
52300000000,24032322.3875098303
52400000000,24033281.3842835240
52500000000,24034242.0488776937
52600000000,24035203.5473821014
52700000000,24036168.3815274648
52800000000,24037132.3817625865
52900000000,24038098.8837284222
53000000000,24039067.0535147339
53100000000,24040036.8911215253
53200000000,24041009.2304590270
53300000000,24041982.4037067667
53400000000,24042955.5769545063
53500000000,24043932.0858432017
53600000000,24044911.0964626074
53700000000,24045889.2731717750
53800000000,24046870.7855218947
53900000000,24047851.4639617801
54000000000,24048835.4780426137
54100000000,24049821.9938541614
54200000000,24050808.5096657090
54300000000,24051795.8593874983
54400000000,24052786.5447502360
54500000000,24053778.0640232116
54600000000,24054771.2511166632
54700000000,24055766.9399408288
54800000000,24056762.6287649982
54900000000,24057760.8193198778
55000000000,24058759.8437849954
55100000000,24059760.5360705890
55200000000,24060762.8961766623
55300000000,24061767.7580134459
55400000000,24062772.6198502295
55500000000,24063779.9834177271
55600000000,24064788.1808954664
55700000000,24065799.7140141539
55800000000,24066811.2471328415
55900000000,24067825.2819822431
56000000000,24068840.9846521206
56100000000,24069857.5212322399
56200000000,24070874.8917225935
56300000000,24071893.9300334230
56400000000,24072916.3039852045
56500000000,24073939.5118472278
56600000000,24074964.3875297233
56700000000,24075990.0971224569
56800000000,24077017.4745356664
56900000000,24078047.3536795899
57000000000,24079077.2328235172
57100000000,24080109.6136981547
57200000000,24081142.8284830302
57300000000,24082180.2128190957
57400000000,24083216.7632449232
57500000000,24084255.8154014684
57600000000,24085296.5353784859
57700000000,24086338.0892657414
57800000000,24087381.3109734729
57900000000,24088425.3665914424
58000000000,24089472.7578503676
58100000000,24090521.8169297650
58200000000,24091571.7099194005
58300000000,24092622.4368192740
58400000000,24093675.6654498614
58500000000,24094730.5619009286
58600000000,24095785.4583519921
58700000000,24096843.6904440075
58800000000,24097902.7564462610
58900000000,24098965.1580894664
59000000000,24100027.5597326718
59100000000,24101091.6291963570
59200000000,24102158.2003907524
59300000000,24103225.6054953858
59400000000,24104293.8445102572
59500000000,24105364.5852558427
59600000000,24106436.9938219078
59700000000,24107511.0702084452
59800000000,24108585.1465949826
59900000000,24109664.2264429480
60000000000,24110741.6384704374
60100000000,24111821.5522286408
60200000000,24112903.9677175619
60300000000,24113988.0510269552
60400000000,24115072.9682465866
60500000000,24116158.7193764560
60600000000,24117248.6400575154
60700000000,24118337.7268283367
60800000000,24119429.3153298758
60900000000,24120522.5716518871
61000000000,24121617.4957943745
61100000000,24122713.2538470998
61200000000,24123811.5136305392
61300000000,24124910.6073242165
61400000000,24126012.2027486078
61500000000,24127114.6320832409
61600000000,24128218.7292383462
61700000000,24129326.1620344035
61800000000,24130432.7609202228
61900000000,24131542.6954469942
62000000000,24132653.4638840035
62100000000,24133765.9001414888
62200000000,24134881.6720399298
62300000000,24135996.6100281291
62400000000,24137114.8836572804
62500000000,24138232.3233761936
62600000000,24139353.0987360589
62700000000,24140477.2097368762
62800000000,24141600.4868274555
62900000000,24142727.0995589904
63000000000,24143852.8783802837
63100000000,24144981.9928425290
63200000000,24146112.7751252502
63300000000,24147244.3913182095
63400000000,24148379.3431521207
63500000000,24149514.2949860319
63600000000,24150651.7485506572
63700000000,24151790.0360255241
63800000000,24152930.8252311014
63900000000,24154074.1161673926
64000000000,24155216.5731934458
64100000000,24156362.3658604510
64200000000,24157509.8263479322
64300000000,24158658.1207456514
64400000000,24159808.0829638466
64500000000,24160959.7130025215
64600000000,24162113.8447719067
64700000000,24163267.9765412919
64800000000,24164425.4439516291
64900000000,24165583.7452722043
65000000000,24166745.3822337314
65100000000,24167906.1852850206
65200000000,24169070.3239772618
65300000000,24170234.4626695029
65400000000,24171401.1030924618
65500000000,24172571.0791563690
65600000000,24173741.0552202761
65700000000,24174911.8651944213
65800000000,24176086.0108095184
65900000000,24177261.8242450915
66000000000,24178438.4715909027
66100000000,24179616.7867571898
66200000000,24180796.7697439529
66300000000,24181979.2544614300
66400000000,24183161.7391789071
66500000000,24184346.7256271020
66600000000,24185533.3798957691
66700000000,24186721.7019849122
66800000000,24187913.3597150072
66900000000,24189104.1835348643
67000000000,24190298.3429956734
67100000000,24191493.3363667205
67200000000,24192689.9975582436
67300000000,24193888.3265702426
67400000000,24195088.3234027177
67500000000,24196290.8219659068
67600000000,24197494.9883495718
67700000000,24198699.9886434786
67800000000,24199906.6567578577
67900000000,24201114.9926927127
68000000000,24202324.9964480437
68100000000,24203537.5019340888
68200000000,24204751.6752406098
68300000000,24205967.5163676068
68400000000,24207184.1914048418
68500000000,24208402.5342625529
68600000000,24209621.7110305019
68700000000,24210845.0573496409
68800000000,24212069.2375790179
68900000000,24213295.0856288709
69000000000,24214521.7675889619
69100000000,24215750.1173695289
69200000000,24216980.1349705718
69300000000,24218213.4882125705
69400000000,24219447.6753648035
69500000000,24220683.5303375125
69600000000,24221920.2192204595
69700000000,24223159.4098341204
69800000000,24224399.4343580194
69900000000,24225642.7945228703
70000000000,24226886.9885979593
70100000000,24228132.8504935242
70200000000,24229380.3802095652
70300000000,24230629.5777460821
70400000000,24231879.6091928370
70500000000,24233132.9762805440
70600000000,24234388.0111887269
70700000000,24235644.7139173858
70800000000,24236902.2505562827
70900000000,24238161.4550156556
71000000000,24239423.1612057425
71100000000,24240685.7013060674
71200000000,24241950.7431371063
71300000000,24243217.4527886212
71400000000,24244484.9963503741
71500000000,24245755.0416428410
71600000000,24247025.9208455458
71700000000,24248300.1356892027
71800000000,24249575.1844430976
71900000000,24250852.7349277064
72000000000,24252131.1193225533
72100000000,24253410.3376276381
72200000000,24254692.0576634370
72300000000,24255976.2794299498
72400000000,24257262.1690169387
72500000000,24258549.7264244035
72600000000,24259838.1177421063
72700000000,24261129.0107905231
72800000000,24262420.7377491780
72900000000,24263715.8003487848
73000000000,24265010.0290381573
73100000000,24266307.5933684781
73200000000,24267607.6594295129
73300000000,24268907.7254905477
73400000000,24270211.9611027688
73500000000,24271515.3628047556
73600000000,24272822.1001476943
73700000000,24274130.5053111091
73800000000,24275440.5782949999
73900000000,24276751.4851891287
74000000000,24278064.8938139714
74100000000,24279379.1363490522
74200000000,24280695.8806148469
74300000000,24282015.1266113557
74400000000,24283335.2065181024
74500000000,24284656.9542453252
74600000000,24285980.3697930239
74700000000,24287307.1209816746
74800000000,24288633.8721703254
74900000000,24289963.1250896901
75000000000,24291294.0458295308
75100000000,24292626.6343898475
75200000000,24293960.0568604022
75300000000,24295295.9810616709
75400000000,24296634.4069936536
75500000000,24297974.5007461123
75600000000,24299314.5944985710
75700000000,24300658.0238919817
75800000000,24302002.2871956304
75900000000,24303349.8861402310
76000000000,24304697.4850848317
76100000000,24306048.4196703844
76200000000,24307401.0220764130
76300000000,24308754.4583926797
76400000000,24310110.3964396603
76500000000,24311467.1683968790
76600000000,24312825.6081745736
76700000000,24314186.5496829823
76800000000,24315549.9929221049
76900000000,24316914.2700714655
77000000000,24318280.2150413021
77100000000,24319647.8278316110
77200000000,24321017.1084423997
77300000000,24322389.7246941403
77400000000,24323762.3409458809
77500000000,24325137.4589283355
77600000000,24326514.2447312661
77700000000,24327892.6983546726
77800000000,24329272.8197985552
77900000000,24330656.2768833898
78000000000,24332038.9000579864
78100000000,24333424.8588735349
78200000000,24334813.3194197975
78300000000,24336202.6138762981
78400000000,24337593.5761532746
78500000000,24338987.0401609652
78600000000,24340381.3380788937
78700000000,24341778.1377275325
78800000000,24343177.4391068891
78900000000,24344575.9065760076
79000000000,24345979.3775065541
79100000000,24347382.8484371006
79200000000,24348787.1532778852
79300000000,24350195.6276698597
79400000000,24351604.9359720722
79500000000,24353015.0781845227
79600000000,24354427.7221276872
79700000000,24355843.7017118037
79800000000,24357259.6812959202
79900000000,24358677.3287005089
80000000000,24360097.4778358154
80100000000,24361520.1287018359
80200000000,24362943.6134780943
80300000000,24364368.7660748288
80400000000,24365795.5864920393
80500000000,24367224.9086399637
80600000000,24368655.8986083642
80700000000,24370089.3903074786
80800000000,24371524.5498270690
80900000000,24372960.5432568938
81000000000,24374399.0384174362
81100000000,24375838.3674882166
81200000000,24377280.1982897110
81300000000,24378724.5308219194
81400000000,24380170.5311746038
81500000000,24381618.1993477643
81600000000,24383066.7014311627
81700000000,24384517.7052452751
81800000000,24385970.3768798597
81900000000,24387425.5502451621
82000000000,24388881.5575207025
82100000000,24390340.0665269569
82200000000,24391800.2433536872
82300000000,24393262.9219111316
82400000000,24394726.4343788140
82500000000,24396193.2824874483
82600000000,24397659.2966858409
82700000000,24399129.4804354273
82800000000,24400601.3320054896
82900000000,24402074.8513960280
83000000000,24403549.2046968043
83100000000,24405026.0597282946
83200000000,24406503.7486700229
83300000000,24407985.6071629375
83400000000,24409466.6317456178
83500000000,24410950.9919692501
83600000000,24412437.0200133584
83700000000,24413924.7158779427
83800000000,24415415.7473834790
83900000000,24416906.7788890153
84000000000,24418401.1460354999
84100000000,24419895.5131819881
84200000000,24421393.2159694284
84300000000,24422891.7526671067
84400000000,24424392.7910954989
84500000000,24425897.1651648432
84600000000,24427400.7053239495
84700000000,24428908.4150342420
84800000000,24430415.2908343002
84900000000,24431926.3361855485
85000000000,24433438.2154470347
85100000000,24434951.7625289969
85200000000,24436469.4791621491
85300000000,24437986.3618850596
85400000000,24439506.5802489258
85500000000,24441028.4664332680
85600000000,24442551.1865278482
85700000000,24444076.4083531424
85800000000,24445604.9658193886
85900000000,24447133.5232856311
86000000000,24448663.7485723533
86100000000,24450197.3095000274
86200000000,24451732.5382481776
86300000000,24453269.4348168038
86400000000,24454807.9992059022
86500000000,24456348.2314154804
86600000000,24457890.1314455345
86700000000,24459432.8653858267
86800000000,24460979.7688773088
86900000000,24462528.3401892669
87000000000,24464078.5793216974
87100000000,24465630.4862746075
87200000000,24467184.0610479936
87300000000,24468739.3036418557
87400000000,24470295.3801459558
87500000000,24471855.6262012422
87600000000,24473417.5400770083
87700000000,24474981.1217732504
87800000000,24476546.3712899685
87900000000,24478113.2886271626
88000000000,24479681.0398745909
88100000000,24481251.2928527370
88200000000,24482824.8814718351
88300000000,24484400.1379114091
88400000000,24485977.0621714555
88500000000,24487555.6542519815
88600000000,24489135.9141529836
88700000000,24490717.8418744616
88800000000,24492301.4374164157
88900000000,24493888.3685993180
89000000000,24495475.2997822240
89100000000,24497065.5666060820
89200000000,24498657.5012504160
89300000000,24500251.1037152261
89400000000,24501848.0418209843
89500000000,24503444.9799267463
89600000000,24505043.5858529843
89700000000,24506646.3613304123
89800000000,24508249.9707180746
89900000000,24509855.2479262166
90000000000,24511463.0268650725
90100000000,24513071.6397141665
90200000000,24514681.9203837328
90300000000,24516296.3706044927
90400000000,24517909.9869150147
90500000000,24519527.7727767266
90600000000,24521147.2264589109
90700000000,24522767.5140513368
90800000000,24524390.3033744767
90900000000,24526014.7605180927
91000000000,24527642.5533026569
91100000000,24529270.3460872248
91200000000,24530901.4745127447
91300000000,24532534.2707587406
91400000000,24534168.7348252088
91500000000,24535804.8667121567
91600000000,24537442.6664195806
91700000000,24539082.9678577185
91800000000,24540725.7710265666
91900000000,24542371.0759261325
92000000000,24544015.5469154604
92100000000,24545664.1874559782
92200000000,24547314.4958169684
92300000000,24548967.3059086762
92400000000,24550620.9499106221
92500000000,24552276.2617330402
92600000000,24553934.9091964141
92700000000,24555596.0583905019
92800000000,24557256.3736743517
92900000000,24558920.0245991498
93000000000,24560586.1772546656
93100000000,24562254.8316408955
93200000000,24563924.3199373633
93300000000,24565596.3099645413
93400000000,24567269.1339019611
93500000000,24568945.2934803329
93600000000,24570623.1208791770
93700000000,24572302.6160985008
93800000000,24573984.6130485386
93900000000,24575667.4439088106
94000000000,24577353.6104100384
94100000000,24579040.6108215041
94200000000,24580730.9468739219
94300000000,24582422.9507468119
94400000000,24584116.6224401817
94500000000,24585811.9619540274
94600000000,24587508.9692883454
94700000000,24589209.3122636192
94800000000,24590910.4891491309
94900000000,24592614.1677653529
95000000000,24594320.3481122926
95100000000,24596026.5284592323
95200000000,24597736.0444471240
95300000000,24599448.8960759640
95400000000,24601161.7477048077
95500000000,24602876.2671541274
95600000000,24604594.9561546333
95700000000,24606314.4790653810
95800000000,24608034.8358863667
95900000000,24609758.5283483006
96000000000,24611483.8886307143
96100000000,24613210.9167336039
96200000000,24614942.1143876798
96300000000,24616672.4781315215
96400000000,24618407.0114265531
96500000000,24620143.2125420570
96600000000,24621879.4136575647
96700000000,24623618.9504140243
96800000000,24625360.1549909562
96900000000,24627105.5291190818
97000000000,24628850.9032472074
97100000000,24630597.1112855673
97200000000,24632347.4888751209
97300000000,24634100.3681953885
97400000000,24635854.0814258903
97500000000,24637610.2963871099
97600000000,24639367.3452585638
97700000000,24641126.8958607353
97800000000,24642888.1142833829
97900000000,24644652.6683469787
98000000000,24646419.7241412923
98100000000,24648185.9460253678
98200000000,24649956.3374606296
98300000000,24651728.3967163712
98400000000,24653502.1237925887
98500000000,24655280.0204199925
98600000000,24657057.0831371620
98700000000,24658836.6475850418
98800000000,24660619.5476738773
98900000000,24662404.1155831888
99000000000,24664190.3513129726
99100000000,24665979.0887734741
99200000000,24667769.4940544516
99300000000,24669561.5671559013
99400000000,24671356.9758983068
99500000000,24673152.3846407086
99600000000,24674951.9629343040
99700000000,24676753.2090483755
99800000000,24678554.4551624432
99900000000,24680359.0369174667
100000000000,24682166.9543134421
100100000000,24683975.7056196518
100200000000,24685786.1247463413
100300000000,24687599.8795139790
100400000000,24689413.6342816204
100500000000,24691231.5586004518
100600000000,24693051.1507397555
100700000000,24694872.4106995389
100800000000,24696695.3384797946
100900000000,24698522.4358112440
101000000000,24700348.6992324553
101100000000,24702177.4643843770
101200000000,24704010.3990874924
101300000000,24705844.1677008420
101400000000,24707680.4380449094
101500000000,24709518.3762094490
101600000000,24711357.9821944684
101700000000,24713200.0899102017
101800000000,24715044.6993566453
101900000000,24716890.1427133307
102000000000,24718738.9217109643
102100000000,24720588.5346188396
102200000000,24722441.4831676669
102300000000,24724296.0995369665
102400000000,24726152.3837267458
102500000000,24728012.0035574734
102600000000,24729872.4572984427
102700000000,24731734.5788598843
102800000000,24733600.8699725196
102900000000,24735467.9949953929
103000000000,24737337.6217489764
103100000000,24739208.9163230397
103200000000,24741082.7126278132
103300000000,24742957.3428428285
103400000000,24744834.4747885540
103500000000,24746715.7762854733
103600000000,24748596.2438721508
103700000000,24750480.8810100220
103800000000,24752367.1859683692
103900000000,24754255.9926574267
104000000000,24756145.6332567260
104100000000,24758037.7755867355
104200000000,24759932.4196474627
104300000000,24761827.8976184241
104400000000,24763727.5451405793
104500000000,24765628.8604832068
104600000000,24767531.0097360760
104700000000,24769436.4946298935
104800000000,24771343.6473441906
104900000000,24773252.4678789601
105000000000,24775165.4579649232
105100000000,24777078.4480508864
105200000000,24778993.1059573218
105300000000,24780911.9334149510
105400000000,24782832.4286930524
105500000000,24784754.5917916335
105600000000,24786679.2566209249
105700000000,24788605.5892706960
105800000000,24790533.5897409394
105900000000,24792464.0919419006
106000000000,24794397.9297838099
106100000000,24796331.7676257230
106200000000,24798268.9411085844
106300000000,24800208.6163221635
106400000000,24802149.1254459769
106500000000,24804092.1363005079
106600000000,24806039.3167062253
106700000000,24807986.4971119463
106800000000,24809936.1792483777
106900000000,24811889.1970257647
107000000000,24813842.2148031481
107100000000,24815799.4021317251
107200000000,24817758.2572807744
107300000000,24819718.7802503034
107400000000,24821681.8049505427
107500000000,24823646.4974712618
107600000000,24825613.6917226911
107700000000,24827583.3877048381
107800000000,24829553.9175972193
107900000000,24831528.6170407943
108000000000,24833504.9843048416
108100000000,24835483.0193893686
108200000000,24837463.5562046058
108300000000,24839445.7608403228
108400000000,24841429.6332965121
108500000000,24843416.0074834153
108600000000,24845405.7173112743
108700000000,24847395.4271391295
108800000000,24849389.3065181784
108900000000,24851384.8537176996
109000000000,24853382.9026479386
109100000000,24855382.6193986498
109200000000,24857384.0039698407
109300000000,24859387.8902717419
109400000000,24861393.4443941228
109500000000,24863403.1680676900
109600000000,24865412.8917412609
109700000000,24867425.9510557801
109800000000,24869441.5121010132
109900000000,24871458.7409667261
110000000000,24873478.4715631492
110100000000,24875499.8699800521
110200000000,24877522.9362174273
110300000000,24879550.1720059961
110400000000,24881577.4077945612
110500000000,24883607.9792240821
110600000000,24885641.0523843132
110700000000,24887674.9594547823
110800000000,24889712.2021662071
110900000000,24891751.1126981042
111000000000,24893793.3588709570
111100000000,24895837.2728642821
111200000000,24897882.0207678489
111300000000,24899930.9382226020
111400000000,24901979.8556773551
111500000000,24904032.9426833019
111600000000,24906087.6975097209
111700000000,24908144.9540668577
111800000000,24910203.8784444667
111900000000,24912265.3045527935
112000000000,24914327.5645713545
112100000000,24916394.8280513436
112200000000,24918462.0915313363
112300000000,24920532.6906522773
112400000000,24922605.7915039361
112500000000,24924680.5601760671
112600000000,24926756.9966686741
112700000000,24928836.7688022368
112800000000,24930917.3748460338
112900000000,24933000.4826205485
113000000000,24935085.2582155354
113100000000,24937174.2033617124
113200000000,24939265.6502386071
113300000000,24941356.2632052600
113400000000,24943451.8796333447
113500000000,24945548.3299716637
113600000000,24947648.1159509346
113700000000,24949748.7358404472
113800000000,24951853.5252811462
113900000000,24953959.1486320831
114000000000,24956066.4398034997
114100000000,24958177.9005261026
114200000000,24960291.0290691853
114300000000,24962405.8254327402
114400000000,24964523.1235270090
114500000000,24966642.9233519956
114600000000,24968764.3909974545
114700000000,24970887.5264633894
114800000000,24973013.1636600420
114900000000,24975142.9704078808
115000000000,24977271.9432454817
115100000000,24979405.9195445143
115200000000,24981541.5636640191
115300000000,24983678.8756040037
115400000000,24985818.6892746985
115500000000,24987961.0046761073
115600000000,24990104.1539877579
115700000000,24992250.6389403567
115800000000,24994400.4595339075
115900000000,24996550.2801274620
116000000000,24998704.2702722028
116100000000,25000860.7621476576
116200000000,25003018.9218435921
116300000000,25005178.7493599989
116400000000,25007341.0786071196
116500000000,25009505.9095849581
116600000000,25011672.4083832689
116700000000,25013842.2428225316
116800000000,25016012.9111720361
116900000000,25018187.7490727268
117000000000,25020362.5869734176
117100000000,25022541.5944253020
117200000000,25024722.2696976587
117300000000,25026905.4467007294
117400000000,25029090.2915242799
117500000000,25031279.3058990166
117600000000,25033468.3202737533
117700000000,25035659.8363792077
117800000000,25037855.5220358483
117900000000,25040052.8755129650
118000000000,25042250.2289900817
118100000000,25044451.7520183921
118200000000,25046655.7767774127
118300000000,25048861.4693569094
118400000000,25051071.3314875998
118500000000,25053281.1936182864
118600000000,25055493.5574796870
118700000000,25057710.0908922814
118800000000,25059926.6243048720
118900000000,25062146.4933584146
119000000000,25064368.8641426712
119100000000,25066593.7366576456
119200000000,25068820.2769930921
119300000000,25071049.3190592527
119400000000,25073280.8628561310
119500000000,25075513.2405632436
119600000000,25077750.6217317842
119700000000,25079988.0029003248
119800000000,25082229.5536200590
119900000000,25084472.7721602656
120000000000,25086718.4924311861
120100000000,25088965.8805225864
120200000000,25091216.6042549349
120300000000,25093468.1618975215
120400000000,25095722.2212708220
120500000000,25097978.7823748402
120600000000,25100239.5130300447
120700000000,25102500.2436852492
120800000000,25104764.3099814057
120900000000,25107030.8780082799
121000000000,25109299.9477658644
121100000000,25111571.5192541629
121200000000,25113844.7585629374
121300000000,25116119.6656921916
121400000000,25118397.9084623940
121500000000,25120678.6529633105
121600000000,25122961.0652847029
121700000000,25125246.8132470511
121800000000,25127533.3951196335
121900000000,25129823.3126331680
122000000000,25132115.7318774164
122100000000,25134409.8189421445
122200000000,25136707.2416478209
122300000000,25139005.4982637353
122400000000,25141308.7583410777
122500000000,25143612.0184184238
122600000000,25145917.7802264802
122700000000,25148226.8776754886
122800000000,25150538.4768552110
122900000000,25152851.7438554093
123000000000,25155166.6786760874
123100000000,25157484.1152274758
123200000000,25159804.8874198161
123300000000,25162128.9952531084
123400000000,25164453.9369966388
123500000000,25166780.5465606488
123600000000,25169111.3256758451
123700000000,25171442.9387012795
123800000000,25173778.7212779038
123900000000,25176116.1716750041
124000000000,25178455.2898925841
124100000000,25180797.7437511124
124200000000,25183141.8654301167
124300000000,25185487.6549295969
124400000000,25187836.7800700292
124500000000,25190189.2408514172
124600000000,25192541.7016328014
124700000000,25194899.1658756137
124800000000,25197256.6301184259
124900000000,25199617.4300021902
125000000000,25201981.5655269101
125100000000,25204347.3688721023
125200000000,25206715.6739480086
125300000000,25209085.6468443908
125400000000,25211458.1214714870
125500000000,25213834.7656497732
125600000000,25216211.4098280631
125700000000,25218592.2235575393
125800000000,25220973.8711972535
125900000000,25223359.6883881576
126000000000,25225747.1733995378
126100000000,25228137.1601416320
126200000000,25230528.8147042058
126300000000,25232923.8049077280
126400000000,25235319.6290214881
126500000000,25237720.4565966763
126600000000,25240122.1180821024
126700000000,25242527.1152084805
126800000000,25244932.1123348624
126900000000,25247342.1129226685
127000000000,25249753.7813309506
127100000000,25252167.9514699467
127200000000,25254584.6233396567
127300000000,25257002.9630298428
127400000000,25259423.8044507429
127500000000,25261847.1476023607
127600000000,25264273.8263949268
127700000000,25266702.1730079688
127800000000,25269133.0213517249
127900000000,25271565.5375159569
128000000000,25274002.2232313789
128100000000,25276440.5767672770
128200000000,25278881.4320338890
128300000000,25281323.9551209807
128400000000,25283768.9799387828
128500000000,25286216.5064872988
128600000000,25288668.2025870048
128700000000,25291120.7325969487
128800000000,25293574.9304273687
128900000000,25296033.2978089787
129000000000,25298494.1669213027
129100000000,25300956.7038541026
129200000000,25303420.9086073823
129300000000,25305888.4490016103
129400000000,25308359.3250367902
129500000000,25310831.8688924462
129600000000,25313306.0805685781
129700000000,25315782.7939754240
129800000000,25318263.6769334599
129900000000,25320744.5598914959
130000000000,25323230.4463109598
130100000000,25325718.0005508997
130200000000,25328208.0565215535
130300000000,25330698.1124922112
130400000000,25333193.1719242930
130500000000,25335691.5669973269
130600000000,25338190.7959805988
130700000000,25340691.6927843466
130800000000,25343195.9252290465
130900000000,25345703.4933146983
131000000000,25348213.5631310642
131100000000,25350724.4668576680
131200000000,25353238.7062252238
131300000000,25355756.2812337317
131400000000,25358275.5240627155
131500000000,25360797.2686224133
131600000000,25363321.5149128251
131700000000,25365847.4290237166
131800000000,25368375.8448653184
131900000000,25370909.2641683482
132000000000,25373441.8495611399
132100000000,25375979.4384153597
132200000000,25378519.5290002935
132300000000,25381059.6195852272
132400000000,25383603.8797213510
132500000000,25386150.6415881887
132600000000,25388699.9051857404
132700000000,25391250.8366037682
132800000000,25393805.1036627479
132900000000,25396362.7063626796
133000000000,25398921.1429728493
133100000000,25401483.7491342090
133200000000,25404046.3552955687
133300000000,25406613.9649183564
133400000000,25409183.2423616201
133500000000,25411753.3537151217
133600000000,25414327.6346198134
133700000000,25416903.5833449811
133800000000,25419484.5355315767
133900000000,25422065.4877181724
134000000000,25424649.7755457200
134100000000,25427235.7311937436
134200000000,25429825.8563929573
134300000000,25432417.6494126469
134400000000,25435011.1102528125
134500000000,25437607.9067339301
134600000000,25440207.2049457617
134700000000,25442809.0048883073
134800000000,25445413.3065615669
134900000000,25448020.1099655405
135000000000,25450629.4151002280
135100000000,25453240.3880553916
135200000000,25455855.5305617452
135300000000,25458472.3408885747
135400000000,25461092.4868563563
135500000000,25463713.4667343758
135600000000,25466337.7822533473
135700000000,25468965.4334132709
135800000000,25471594.7523936704
135900000000,25474227.4070150219
136000000000,25476861.7294568494
136100000000,25479498.5536293909
136200000000,25482137.8795326464
136300000000,25484779.7071666159
136400000000,25487424.8704415374
136500000000,25490071.7015369348
136600000000,25492721.8682732843
136700000000,25495374.5367403477
136800000000,25498028.8730278872
136900000000,25500686.5449563786
137000000000,25503346.7186155841
137100000000,25506008.5600952655
137200000000,25508673.7372158989
137300000000,25511343.0838877223
137400000000,25514012.4305595458
137500000000,25516685.1128723174
137600000000,25519361.1308260448
137700000000,25522037.9826900102
137800000000,25524719.0041051656
137900000000,25527402.5272510350
138000000000,25530086.8843071423
138100000000,25532774.5770042017
138200000000,25535465.6053422131
138300000000,25538159.1354109384
138400000000,25540856.0011206158
138500000000,25543553.7007405311
138600000000,25546254.7360013984
138700000000,25548959.1069032177
138800000000,25551664.3117152750
138900000000,25554373.6860785186
139000000000,25557083.8943520039
139100000000,25559798.2721766792
139200000000,25562514.3178218305
139300000000,25565233.6991079338
139400000000,25567955.5821247511
139500000000,25570679.1329620443
139600000000,25573406.0194402896
139700000000,25576134.5737390108
139800000000,25578867.2975889221
139900000000,25581600.8553490713
140000000000,25584339.4165706448
140100000000,25587077.9777922221
140200000000,25589820.7085649893
140300000000,25592565.9410684705
140400000000,25595312.8413924277
140500000000,25598061.4095368609
140600000000,25600815.8150529601
140700000000,25603571.0544792973
140800000000,25606327.9617261067
140900000000,25609088.2046138719
141000000000,25611850.1153221130
141100000000,25614617.0294917822
141200000000,25617383.9436614513
141300000000,25620155.8612925485
141400000000,25622929.4467441216
141500000000,25625703.8661059327
141600000000,25628483.2889291681
141700000000,25631264.3795728832
141800000000,25634047.9719473124
141900000000,25636834.0660524555
142000000000,25639624.3297087885
142100000000,25642415.4272753596
142200000000,25645209.0265726447
142300000000,25648006.7954211161
142400000000,25650805.3981798291
142500000000,25653608.1704897322
142600000000,25656411.7767098732
142700000000,25659219.5524812043
142800000000,25662029.8299832493
142900000000,25664842.6092160046
143000000000,25667657.8901794776
143100000000,25670474.8389634266
143200000000,25673295.1233883277
143300000000,25676117.9095439427
143400000000,25678944.8652507477
143500000000,25681771.8209575489
143600000000,25684603.7801257819
143700000000,25687436.5732042529
143800000000,25690273.5358339138
143900000000,25693112.1662840508
144000000000,25695954.1323751397
144100000000,25698796.9323764630
144200000000,25701643.0680187419
144300000000,25704494.2071224488
144400000000,25707346.1801363938
144500000000,25710199.8209708147
144600000000,25713056.7974461839
144700000000,25715917.9434727468
144800000000,25718779.0894993097
144900000000,25721645.2389873005
145000000000,25724512.2223855294
145100000000,25727383.3753349446
145200000000,25730256.1961048394
145300000000,25733132.3525156863
145400000000,25736011.0106572472
145500000000,25738892.1705295183
145600000000,25741775.8321325071
145700000000,25744661.1615559720
145800000000,25747549.8266203888
145900000000,25750442.6612359956
146000000000,25753336.3297618367
146100000000,25756232.5000183955
146200000000,25759132.8398261443
146300000000,25762035.6813646071
146400000000,25764939.3568133041
146500000000,25767847.2018131949
146600000000,25770757.5485437997
146700000000,25773670.3970051184
146800000000,25776585.7471971475
146900000000,25779503.5991198942
147000000000,25782426.4545040689
147100000000,25785349.3098882437
147200000000,25788274.6670031324
147300000000,25791205.0275794454
147400000000,25794135.3881557621
147500000000,25797070.7521935068
147600000000,25800007.7840517238
147700000000,25802946.4837304205
147800000000,25805888.5190500692
147900000000,25808833.8900106698
148000000000,25811781.7627019808
148100000000,25814731.3032137714
148200000000,25817684.1793665141
148300000000,25820641.2250704467
148400000000,25823599.1046846136
148500000000,25826559.4860294983
148600000000,25829524.0369255729
148700000000,25832489.4217318818
148800000000,25835459.8099996224
148900000000,25838431.8660878390
149000000000,25841404.7560862936
149100000000,25844382.6495461725
149200000000,25847362.2108265311
149300000000,25850345.1077478416
149400000000,25853329.6724896245
149500000000,25856317.5728723630
149600000000,25859309.6428062916
149700000000,25862302.5466504581
149800000000,25865297.9522253349
149900000000,25868297.5273514055
150000000000,25871297.9363877140
150100000000,25874302.5149752088
150200000000,25877309.5952934213
150300000000,25880318.3434321098
150400000000,25883330.4272117466
150500000000,25886345.8466323391
150600000000,25889362.9338734075
150700000000,25892383.3567554243
150800000000,25895406.2813681588
150900000000,25898433.3755320832
151000000000,25901461.3036062419
151100000000,25904491.7334111184
151200000000,25907526.3327671848
151300000000,25910562.5999437235
151400000000,25913602.2027612180
151500000000,25916645.1412196644
151600000000,25919688.0796781071
151700000000,25922736.0215979815
151800000000,25925786.4652485698
151900000000,25928839.4106298685
152000000000,25931894.8577418849
152100000000,25934952.8065846153
152200000000,25938014.0910682939
152300000000,25941078.7111929283
152400000000,25944144.9991380386
152500000000,25947214.6227240972
152600000000,25950285.9141306356
152700000000,25953361.3750883602
152800000000,25956437.6699563265
152900000000,25959518.1343754828
153000000000,25962601.9344355874
153100000000,25965687.4023161717
153200000000,25968776.2058377080
153300000000,25971866.6771797165
153400000000,25974960.4841626808
153500000000,25978056.7928763554
153600000000,25981155.6033207476
153700000000,25984256.9154958539
153800000000,25987363.2311323844
153900000000,25990469.5467689186
154000000000,25993580.8658668809
154100000000,25996693.0188750774
154200000000,25999808.5075242296
154300000000,26002928.1657245681
154400000000,26006049.4917453863
154500000000,26009173.3194969185
154600000000,26012300.4828893989
154700000000,26015429.3141023591
154800000000,26018561.4809562676
154900000000,26021696.1495408937
155000000000,26024833.3198562302
155100000000,26027972.9919022843
155200000000,26031117.6674097665
155300000000,26034262.3429172449
155400000000,26037412.0218861550
155500000000,26040564.2025857754
155600000000,26043717.2171956375
155700000000,26046874.4013566896
155800000000,26050034.0872484520
155900000000,26053197.1087811701
156000000000,26056362.6320445985
156100000000,26059530.6570387445
156200000000,26062701.1837636009
156300000000,26065874.2122191750
156400000000,26069049.7424054593
156500000000,26072230.2760531753
156600000000,26075410.8097008914
156700000000,26078596.3468100317
156800000000,26081782.7178294137
156900000000,26084974.0923102200
157000000000,26088165.4667910300
157100000000,26091361.8447332643
157200000000,26094559.8904959783
157300000000,26097761.2718996406
157400000000,26100965.1550340205
157500000000,26104172.3738093488
157600000000,26107381.2604051568
157700000000,26110593.4826419167
157800000000,26113809.8744298629
157900000000,26117027.1001280509
158000000000,26120246.8275569491
158100000000,26123471.5584472790
158200000000,26126696.2893376052
158300000000,26129926.0236893632
158400000000,26133158.2597718313
158500000000,26136392.1636747792
158600000000,26139629.4032186754
158700000000,26142869.9784035273
158800000000,26146112.2214088514
158900000000,26149357.8000551313
159000000000,26152606.7143423595
159100000000,26155857.2964500673
159200000000,26159112.8820191994
159300000000,26162369.3014985733
159400000000,26165628.2227086574
159500000000,26168891.3134699352
159600000000,26172155.2381414473
159700000000,26175424.1662743911
159800000000,26178693.9283175692
159900000000,26181967.8599119410
160000000000,26185245.1271472611
160100000000,26188524.0622030608
160200000000,26191806.3328998089
160300000000,26195091.1053272709
160400000000,26198378.3794854507
160500000000,26201668.1553743407
160600000000,26204961.2669041865
160700000000,26208256.8801647425
160800000000,26211556.6629764922
160900000000,26214857.2796984762
161000000000,26218162.8998818919
161100000000,26221469.3539755419
161200000000,26224779.9776203856
161300000000,26228093.1029959396
161400000000,26231407.0622817352
161500000000,26234726.0250289552
161600000000,26238047.4895068891
161700000000,26241371.4557155408
161800000000,26244698.7575651407
161900000000,26248027.7272352204
162000000000,26251360.0325462483
162100000000,26254694.8395879939
162200000000,26258034.6500911638
162300000000,26261374.4605943337
162400000000,26264717.6067384593
162500000000,26268064.9224337712
162600000000,26271413.0720393248
162700000000,26274766.2251063026
162800000000,26278121.8799039982
162900000000,26281480.0364324041
163000000000,26284839.0268710479
163100000000,26288203.0207711235
163200000000,26291569.5164019093
163300000000,26294938.5137634128
163400000000,26298310.0128556266
163500000000,26301684.0136785544
163600000000,26305063.0179629140
163700000000,26308442.8561575077
163800000000,26311826.0299930573
163900000000,26315212.5394695550
164000000000,26318600.7167665288
164100000000,26321993.0636146963
164200000000,26325387.0782833360
164300000000,26328784.4285929315
164400000000,26332185.1145434752
164500000000,26335588.3022247329
164600000000,26338994.8255469464
164700000000,26342401.3488691561
164800000000,26345814.5434732735
164900000000,26349229.4058978632
165000000000,26352645.9361429289
165100000000,26356065.8020289503
165200000000,26359488.1696456820
165300000000,26362914.7068136036
165400000000,26366342.9118020050
165500000000,26369773.6185211167
165600000000,26373208.4947914183
165700000000,26376645.8727924377
165800000000,26380084.9186139293
165900000000,26383528.1339866146
166000000000,26386973.8510900103
166100000000,26390422.9038343579
166200000000,26393872.7904889472
166300000000,26397326.8466947228
166400000000,26400785.0724516883
166500000000,26404244.9660291336
166600000000,26407707.3613372892
166700000000,26411172.2583761588
166800000000,26414639.6571457461
166900000000,26418112.0593767576
167000000000,26421585.2955180071
167100000000,26425063.5351206884
167200000000,26428542.6086336039
167300000000,26432025.0177874714
167400000000,26435511.5964925326
167500000000,26438998.1751975901
167600000000,26442489.7573640756
167700000000,26445983.8412612751
167800000000,26449481.2607994303
167900000000,26452981.1820682958
168000000000,26456483.6050678752
168100000000,26459988.5297981724
168200000000,26463496.7901694179
168300000000,26467009.2200918533
168400000000,26470522.4839245304
168500000000,26474038.2494879179
168600000000,26477559.0185127333
168700000000,26481080.6214477867
168800000000,26484607.2278442718
168900000000,26488134.6681509912
169000000000,26491666.2780089006
169100000000,26495200.3895975277
169200000000,26498737.8368271030
169300000000,26502277.7857873924
169400000000,26505820.2364783958
169500000000,26509366.0228103548
169600000000,26512914.3108730242
169700000000,26516465.1006664075
169800000000,26520019.2261007428
169900000000,26523575.8532657959
170000000000,26527136.6499820352
170100000000,26530698.2806085125
170200000000,26534263.2468759455
170300000000,26537832.3826945648
170400000000,26541403.1863336600
170500000000,26544978.1595239453
170600000000,26548555.6344449483
170700000000,26552135.6110966615
170800000000,26555717.2555688508
170900000000,26559303.0695922300
171000000000,26562892.2192565650
171100000000,26566483.8706516102
171200000000,26570078.0237773694
171300000000,26573674.6786338426
171400000000,26577276.3369517438
171500000000,26580878.8291798867
171600000000,26584483.8231387399
171700000000,26588092.1527385451
171800000000,26591704.6518895403
171900000000,26595317.9849507771
172000000000,26598936.3214734383
172100000000,26602555.4919063374
172200000000,26606179.6658006646
172300000000,26609805.5075154677
172400000000,26613435.5187814645
172500000000,26617065.5300474577
172600000000,26620700.5447748788
172700000000,26624338.0612330139
172800000000,26627978.0794218630
172900000000,26631621.4332516678
173000000000,26635268.9566326588
173100000000,26638918.1478341259
173200000000,26642569.0068560690
173300000000,26646223.2015189640
173400000000,26649882.3996432908
173500000000,26653542.4316778518
173600000000,26657206.6332636029
173700000000,26660872.5026698299
173800000000,26664541.7077170089
173900000000,26668215.0823153779
174000000000,26671888.4569137506
174100000000,26675566.8349735476
174200000000,26679247.7147640586
174300000000,26682931.9301955216
174400000000,26686618.6473576985
174500000000,26690307.8662505895
174600000000,26694000.4207844362
174700000000,26697695.4770489931
174800000000,26701393.0350442640
174900000000,26705095.5965009630
175000000000,26708798.9918678999
175100000000,26712505.7228757888
175200000000,26716215.7895246334
175300000000,26719928.3579041883
175400000000,26723644.2619246952
175500000000,26727363.5015861541
175600000000,26731083.5751578510
175700000000,26734808.6521909758
175800000000,26738536.2309548147
175900000000,26742266.3114493713
176000000000,26745999.7275848761
176100000000,26749735.6454510950
176200000000,26753474.0650480278
176300000000,26757215.8202859126
176400000000,26760960.0772545114
176500000000,26764707.6698640622
176600000000,26768456.9302940890
176700000000,26772212.0280957818
176800000000,26775967.1258974783
176900000000,26779725.5593401231
177000000000,26783488.9962441958
177100000000,26787252.4331482686
177200000000,26791020.8735137694
177300000000,26794792.6495202221
177400000000,26798565.2594369128
177500000000,26802342.0389047936
177600000000,26806121.3201033883
177700000000,26809903.9369429350
177800000000,26813689.8894234374
177900000000,26817477.5097244121
178000000000,26821268.4656663388
178100000000,26825062.7572492175
178200000000,26828859.5505628102
178300000000,26832658.8456071168
178400000000,26836462.3102026135
178500000000,26840267.4426185861
178600000000,26844077.5784959868
178700000000,26847887.7143733874
178800000000,26851701.1858917400
178900000000,26855519.6608715206
179000000000,26859340.6375820152
179100000000,26863162.4482027479
179200000000,26866989.2622849122
179300000000,26870818.5780977868
179400000000,26874650.3956413753
179500000000,26878485.5488259159
179600000000,26882323.2037411705
179700000000,26886163.3603871390
179800000000,26890006.8526740596
179900000000,26893852.8466916941
180000000000,26897702.1763502806
180100000000,26901554.0077395812
180200000000,26905410.8425903097
180300000000,26909267.6774410382
180400000000,26913128.6818429567
180500000000,26916993.0218858272
180600000000,26920859.0297491737
180700000000,26924730.0410739481
180800000000,26928601.0523987226
180900000000,26932477.9010951631
181000000000,26936356.4176120795
181100000000,26940238.2697699480
181200000000,26944122.6236585304
181300000000,26948008.6453675888
181400000000,26951898.8366278373
181500000000,26955792.3635290377
181600000000,26959688.3921609521
181700000000,26963588.5903440565
181800000000,26967490.4563476369
181900000000,26971394.8240819313
182000000000,26975301.6935469396
182100000000,26979213.5664733760
182200000000,26983126.2733100504
182300000000,26987042.3157876767
182400000000,26990962.5278164931
182500000000,26994883.5737555474
182600000000,26998809.6231560297
182700000000,27002738.1742872261
182800000000,27006668.3932388984
182900000000,27010602.7817417607
183000000000,27014540.5058855750
183100000000,27018479.8978498653
183200000000,27022423.4593653455
183300000000,27026368.6887013018
183400000000,27030317.2536782101
183500000000,27034269.1542960703
183600000000,27038223.5566446446
183700000000,27042180.4607239328
183800000000,27046141.5343544111
183900000000,27050104.2758053653
184000000000,27054070.3528972715
184100000000,27058040.5995403677
184200000000,27062011.6800936982
184300000000,27065987.7641084604
184400000000,27069964.6820334606
184500000000,27073945.7695096508
184600000000,27077928.5248063169
184700000000,27081915.4496541731
184800000000,27085905.7101429813
184900000000,27089898.4723625034
185000000000,27093894.5702229775
185100000000,27097892.3359039277
185200000000,27101894.2711360678
185300000000,27105897.8741886839
185400000000,27109905.6467924900
185500000000,27113915.0872167721
185600000000,27117927.8632820025
185700000000,27121943.1410779506
185800000000,27125963.4223353267
185900000000,27129984.5375029407
186000000000,27134008.9883115068
186100000000,27138037.6086712629
186200000000,27142067.0629412569
186300000000,27146101.5206726789
186400000000,27150136.8123143390
186500000000,27154177.1074174270
186600000000,27158219.9042512253
186700000000,27162265.2028157413
186800000000,27166312.1692007333
186900000000,27170363.3051369153
187000000000,27174417.7767140493
187100000000,27178474.7500218973
187200000000,27182535.0589706972
187300000000,27186597.0357399732
187400000000,27190663.1820604391
187500000000,27194732.6640218534
187600000000,27198804.6477139853
187700000000,27202878.2992265932
187800000000,27206955.2863801531
187900000000,27211036.4430849031
188000000000,27215119.2676101290
188100000000,27219206.2616865449
188200000000,27223294.9235834330
188300000000,27227387.7550315149
188400000000,27231481.4203898348
188500000000,27235580.0892095827
188600000000,27239682.0936702825
188700000000,27243785.7659514584
188800000000,27247891.1060531065
188900000000,27252001.4496161863
189000000000,27256114.2949099801
189100000000,27260229.6419344880
189200000000,27264348.3245999478
189300000000,27268469.5089961216
189400000000,27272594.0290332437
189500000000,27276722.7186215594
189600000000,27280852.2421201132
189700000000,27284985.1012596190
189800000000,27289122.1299503148
189900000000,27293260.8264614865
190000000000,27297402.0247033685
190100000000,27295828.4360842742
190200000000,27293691.9580545276
190300000000,27291556.3139350228
190400000000,27289422.3376359940
190500000000,27287290.0291574374
190600000000,27285161.0563198365
190700000000,27283031.2495719939
190800000000,27280904.7784651071
190900000000,27278779.9751786962
191000000000,27276656.0058025196
191100000000,27274534.5381570607
191200000000,27272415.5722423159
191300000000,27270296.6063275672
191400000000,27268180.1421435364
191500000000,27266065.3457799777
191600000000,27263952.2172368988
191700000000,27261840.7565142959
191800000000,27259730.9636121653
191900000000,27257623.6724407524
192000000000,27255518.0490898155
192100000000,27253414.0935593508
192200000000,27251310.9719391279
192300000000,27249209.5181393772
192400000000,27247109.7321601063
192500000000,27245013.2818217874
192600000000,27242917.6653937027
192700000000,27240823.7167860977
192800000000,27238731.4359989688
192900000000,27236639.9891220741
193000000000,27234551.0439758971
193100000000,27232464.6005604304
193200000000,27230378.9910552055
193300000000,27228295.8832806945
193400000000,27226213.6094164178
193500000000,27224133.0033726208
193600000000,27222053.2312390581
193700000000,27219977.6286566891
193800000000,27217902.8599845581
193900000000,27215828.9252226613
194000000000,27213757.4921914823
194100000000,27211686.8930705376
194200000000,27209619.6295905486
194300000000,27207552.3661105596
194400000000,27205487.6043612808
194500000000,27203424.5104324818
194600000000,27201363.0843241550
194700000000,27199304.1599465460
194800000000,27197245.2355689332
194900000000,27195189.6468322761
195000000000,27193135.7259160951
195100000000,27191082.6389101483
195200000000,27189031.2197246812
195300000000,27186981.4683596864
195400000000,27184934.2187254094
195500000000,27182888.6369116046
195600000000,27180844.7229182795
195700000000,27178802.4767454304
195800000000,27176761.0644828156
195900000000,27174721.3200406805
196000000000,27172684.9112394936
196100000000,27170649.3363485485
196200000000,27168615.4292780757
196300000000,27166583.1900280826
196400000000,27164551.7846883275
196500000000,27162522.0471690446
196600000000,27160495.6452907175
196700000000,27158470.9112328626
196800000000,27156447.0110852495
196900000000,27154424.7787581086
197000000000,27152403.3803412095
197100000000,27150386.1514754966
197200000000,27148369.7565200254
197300000000,27146354.1954747923
197400000000,27144341.1361602694
197500000000,27142328.9107559882
197600000000,27140317.5192619413
197700000000,27138310.2973190881
197800000000,27136303.9092864692
197900000000,27134299.1890743300
198000000000,27132295.3027724251
198100000000,27130293.0842909999
198200000000,27128292.5336300470
198300000000,27126295.3186100498
198400000000,27124298.9375002906
198500000000,27122304.2242110036
198600000000,27120310.3448319584
198700000000,27118319.8010938615
198800000000,27116329.2573557682
198900000000,27114342.0492586233
199000000000,27112355.6750717200
199100000000,27110370.9687052891
199200000000,27108387.9301593378
199300000000,27106407.3933440968
199400000000,27104426.8565288596
199500000000,27102449.6553545706
199600000000,27100473.2880905233
199700000000,27098498.5886469483
199800000000,27096526.3909340911
199900000000,27094555.0271314681
