0,20084844.9637526646
100000000,20087056.7837639116
200000000,20089279.5715197660
300000000,20091507.3242665231
400000000,20093740.3080408759
500000000,20095980.3498085216
600000000,20098230.3752704784
700000000,20100483.5388400480
800000000,20102743.7598542906
900000000,20105013.1296498142
1000000000,20107288.0317153893
1100000000,20109568.8473782949
1200000000,20111856.8698521629
1300000000,20114155.4517393149
1400000000,20116457.5887357444
1500000000,20118765.7878479026
1600000000,20121083.7120658569
1700000000,20123405.0294564441
1800000000,20125734.5489257090
1900000000,20128072.6476353817
2000000000,20130416.5357313603
2100000000,20132766.5006778687
2200000000,20135123.2511792891
2300000000,20137489.5635833181
2400000000,20139856.7625322416
2500000000,20142235.9369189925
2600000000,20144621.1701116525
2700000000,20147012.7732823305
2800000000,20149411.9552215189
2900000000,20151816.2562379539
3000000000,20154228.2990450785
3100000000,20156647.1293388754
3200000000,20159074.6851160564
3300000000,20161505.2130741179
3400000000,20163945.6296617426
3500000000,20166390.2692223005
3600000000,20168840.5480545461
3700000000,20171303.5334059298
3800000000,20173767.3403613344
3900000000,20176242.6034577489
4000000000,20178722.0884710364
4100000000,20181210.8793075010
4200000000,20183705.8918957114
4300000000,20186204.2916485816
4400000000,20188712.2468989901
4500000000,20191225.1737031601
4600000000,20193745.9877899960
4700000000,20196276.2600133307
4800000000,20198812.1685318388
4900000000,20201350.8949270584
5000000000,20203900.9133124165
5100000000,20206454.3169699162
5200000000,20209016.6086266600
5300000000,20211585.7860061191
5400000000,20214161.1837338656
5500000000,20216745.6238500848
5600000000,20219334.7134633213
5700000000,20221929.5924286991
5800000000,20224531.3700514697
5900000000,20227142.0208511725
6000000000,20229758.4748941772
6100000000,20232379.3160433657
6200000000,20235009.7074947841
6300000000,20237645.9020941183
6400000000,20240291.5579473525
6500000000,20242939.0222330056
6600000000,20245596.9470435791
6700000000,20248262.6015284918
6800000000,20250931.3783755079
6900000000,20253609.0418380089
7000000000,20256293.1695112102
7100000000,20258983.5167972296
7200000000,20261680.9174175374
7300000000,20264384.1074536256
7400000000,20267094.7809826694
7500000000,20269813.9941273481
7600000000,20272539.7600457072
7700000000,20275271.1547565646
7800000000,20278007.1793443114
7900000000,20280752.6805015616
8000000000,20283503.8097601719
8100000000,20286264.0669894367
8200000000,20289027.8762667365
8300000000,20291798.7380811535
8400000000,20294578.6474866457
8500000000,20297362.1885657758
8600000000,20300154.3606321551
8700000000,20302953.4097653702
8800000000,20305758.6773517020
8900000000,20308573.2466983236
9000000000,20311391.3682068847
9100000000,20314215.9487548433
9200000000,20317044.3213164024
9300000000,20319886.8355732225
9400000000,20322731.1445821710
9500000000,20325583.0751023553
9600000000,20328444.9010934718
9700000000,20331309.9240266643
9800000000,20334180.5947399735
9900000000,20337060.4684669636
10000000000,20339945.3954521157
10100000000,20342839.2061782852
10200000000,20345737.2238923050
10300000000,20348646.5416538306
10400000000,20351553.3155010268
10500000000,20354474.8893608190
10600000000,20357401.2654791847
10700000000,20360332.4289104380
10800000000,20363273.7262639888
10900000000,20366218.1580368467
11000000000,20369172.1265816279
11100000000,20372131.6478393562
11200000000,20375095.3846458942
11300000000,20378073.7418074273
11400000000,20381047.4828368686
11500000000,20384036.0253108554
11600000000,20387030.1865269057
11700000000,20390028.3157986812
11800000000,20393032.4800906479
11900000000,20396043.8766984865
12000000000,20399062.9574528784
12100000000,20402092.1082048975
12200000000,20405124.0384721272
12300000000,20408162.7746901922
12400000000,20411210.2100498155
12500000000,20414259.1913276836
12600000000,20417319.4759487286
12700000000,20420385.7933298908
12800000000,20423455.6611032858
12900000000,20426535.4187735021
13000000000,20429622.8655034751
13100000000,20432712.8651157841
13200000000,20435813.3352752775
13300000000,20438919.4199259542
13400000000,20442027.8820855543
13500000000,20445150.3139784373
13600000000,20448274.2802242525
13700000000,20451403.6281095333
13800000000,20454541.6709643640
13900000000,20457688.7710802071
14000000000,20460839.6614883803
14100000000,20464000.0266387016
14200000000,20467160.4963036999
14300000000,20470332.5020214282
14400000000,20473513.9917033799
14500000000,20476696.1798781864
14600000000,20479890.3298857361
14700000000,20483084.7608113363
14800000000,20486288.4883060306
14900000000,20489498.8475168720
15000000000,20492716.8270644620
15100000000,20495939.8446481898
15200000000,20499170.4825197719
15300000000,20502407.5235788338
15400000000,20505651.8416728750
15500000000,20508898.9226125702
15600000000,20512157.4924932495
15700000000,20515419.4306514673
15800000000,20518688.4172522128
15900000000,20521963.8453766070
16000000000,20525250.1650919802
16100000000,20528536.5804073550
16200000000,20531832.4737842493
16300000000,20535134.9982798211
16400000000,20538443.7369691916
16500000000,20541760.7461715266
16600000000,20545080.6969118379
16700000000,20548407.8864125498
16800000000,20551741.5152580440
16900000000,20555083.3728164285
17000000000,20558428.8201802410
17100000000,20561785.5775977746
17200000000,20565145.8842695616
17300000000,20568512.8605349511
17400000000,20571885.8187725879
17500000000,20575264.3805986792
17600000000,20578651.7823057398
17700000000,20582045.8518005013
17800000000,20585443.2768373527
17900000000,20588851.5959551670
18000000000,20592261.4467966072
18100000000,20595682.6093466952
18200000000,20599106.7100063078
18300000000,20602538.0861796290
18400000000,20605974.8348953053
18500000000,20609417.7962657027
18600000000,20612874.3169230185
18700000000,20616330.1208291166
18800000000,20619793.3550311811
18900000000,20623263.4083897918
19000000000,20626737.0419050083
19100000000,20630221.9883931838
19200000000,20633712.3134768382
19300000000,20637206.4079854004
19400000000,20640708.9612407945
19500000000,20644218.9777737595
19600000000,20647734.5926450677
19700000000,20651252.9219007865
19800000000,20654782.5654582381
19900000000,20658319.2823584341
20000000000,20661855.4086042754
20100000000,20665403.4907780848
20200000000,20668958.6448618770
20300000000,20672516.2893102244
20400000000,20676082.1935744621
20500000000,20679657.3652756177
20600000000,20683235.0770398416
20700000000,20686819.6159415916
20800000000,20690412.1910103410
20900000000,20694009.3705482520
21000000000,20697614.7858424261
21100000000,20701223.3543152660
21200000000,20704840.9925883040
21300000000,20708463.8081087470
21400000000,20712092.4176964089
21500000000,20715724.9921537302
21600000000,20719370.9288957827
21700000000,20723017.9707891978
21800000000,20726673.6667674072
21900000000,20730333.9643572271
22000000000,20734001.4641244411
22100000000,20737677.6360570751
22200000000,20741355.1132672839
22300000000,20745040.6261868961
22400000000,20748733.1838523820
22500000000,20752432.5267621279
22600000000,20756138.7151251249
22700000000,20759848.8679087050
22800000000,20763566.6396644786
22900000000,20767290.4219200648
23000000000,20771020.6142306216
23100000000,20774755.9797113799
23200000000,20778498.3892996609
23300000000,20782248.2168906853
23400000000,20786005.2924548313
23500000000,20789764.8772909194
23600000000,20793530.4674523883
23700000000,20797306.1263522841
23800000000,20801084.1359295398
23900000000,20804869.9693261124
24000000000,20808662.4386438318
24100000000,20812462.7318634763
24200000000,20816265.9496817254
24300000000,20820077.8283965215
24400000000,20823895.9216190204
24500000000,20827716.9337914549
24600000000,20831549.4781633914
24700000000,20835382.7029909454
24800000000,20839226.2086619548
24900000000,20843071.8520290740
25000000000,20846928.9804294594
25100000000,20850788.8685967252
25200000000,20854655.7527400330
25300000000,20858529.2630771175
25400000000,20862405.6953442618
25500000000,20866293.2436930872
25600000000,20870182.0935047530
25700000000,20874080.3899303563
25800000000,20877983.2768163718
25900000000,20881891.3286246732
26000000000,20885810.9136362150
26100000000,20889730.7573141232
26200000000,20893659.0538327657
26300000000,20897593.9763935953
26400000000,20901533.4386509992
26500000000,20905478.6906482428
26600000000,20909433.0228255950
26700000000,20913392.7282656431
26800000000,20917352.8983908780
26900000000,20921326.8485815413
27000000000,20925302.0964175425
27100000000,20929284.9621341415
27200000000,20933273.4132887386
27300000000,20937267.8611137792
27400000000,20941270.1326232478
27500000000,20945279.0353827737
27600000000,20949290.2271773741
27700000000,20953308.2481709421
27800000000,20957333.8950323313
27900000000,20961367.1521537974
28000000000,20965402.1278559081
28100000000,20969447.7996528968
28200000000,20973496.1837663911
28300000000,20977550.7754470669
28400000000,20981613.6054527014
28500000000,20985678.7304286771
28600000000,20989755.1826274768
28700000000,20993832.5081293918
28800000000,16312427.5461259261
28900000000,16311549.4386453182
29000000000,16310672.9989851844
29100000000,16309799.0610557646
29200000000,16308927.6248570606
29300000000,16308058.6903890688
29400000000,16307190.5898313150
29500000000,16306324.9910042770
29600000000,16305461.0599977132
29700000000,16304600.4646321014
29800000000,16303740.7031767294
29900000000,16302883.4434520695
30000000000,16302027.8515478857
30100000000,16301174.7613744177
30200000000,16300323.3390214238
30300000000,16299475.2523093820
30400000000,16298628.8334178180
30500000000,16297783.2484364901
30600000000,16296940.9990961142
30700000000,16296099.5836659782
30800000000,16295261.5038767923
30900000000,16294425.0919080824
31000000000,16293590.3477598485
31100000000,16292758.1053423304
31200000000,16291928.3646555245
31300000000,16291099.4578789566
31400000000,16290273.0528331045
31500000000,16289449.1495179646
31600000000,16288626.9140233006
31700000000,16287807.1802593507
31800000000,16286989.1143158786
31900000000,16286173.5501031186
32000000000,16285359.6537108347
32100000000,16284547.4251390267
32200000000,16283737.6982979346
32300000000,16282930.4731875546
32400000000,16282124.9158976506
32500000000,16281321.0264282227
32600000000,16280520.4725997485
32700000000,16279721.5865917485
32800000000,16278923.5344939865
32900000000,16278127.9841269385
33000000000,16277334.9354906045
33100000000,16276544.3885849863
33200000000,16275755.5094998423
33300000000,16274967.4643249363
33400000000,16274182.7547909822
33500000000,16273399.7130775042
33600000000,16272619.1730947420
33700000000,16271840.3009324539
33800000000,16271063.0965906419
33900000000,16270288.3939795438
34000000000,16269515.3591889217
34100000000,16268745.6600392535
34200000000,16267976.7947998215
34300000000,16267210.4312911034
34400000000,16266444.9016926233
34500000000,16265683.5416453332
34600000000,16264922.1815980449
34700000000,16264164.1571917068
34800000000,16263407.8006058447
34900000000,16262653.9457506966
35000000000,16261901.7587160245
35100000000,16261151.2395018283
35200000000,16260403.2220183462
35300000000,16259657.7062655799
35400000000,16258913.0244230498
35500000000,16258170.8443112336
35600000000,16257431.1659301315
35700000000,16256693.1553695053
35800000000,16255957.6465395931
35900000000,16255223.8055301569
36000000000,16254491.6323411986
36100000000,16253761.1269727144
36200000000,16253033.9572451822
36300000000,16252308.4553381260
36400000000,16251584.6212515458
36500000000,16250863.2888956796
36600000000,16250143.6243602894
36700000000,16249425.6276453752
36800000000,16248710.1326611750
36900000000,16247996.3054974526
37000000000,16247284.9800644424
37100000000,16246575.3224519081
37200000000,16245869.0004803259
37300000000,16245162.6785087436
37400000000,16244458.8582678754
37500000000,16243758.3736679591
37600000000,16243058.7229782809
37700000000,16242361.5740193166
37800000000,16241666.0928808283
37900000000,16240973.1134730540
38000000000,16240281.8018857557
38100000000,16239592.9920291733
38200000000,16238905.0160828270
38300000000,16238220.3757774327
38400000000,16237537.4032925144
38500000000,16236856.0986280721
38600000000,16236176.4617841057
38700000000,16235499.3266708534
38800000000,16234824.6932883151
38900000000,16234151.7277262527
39000000000,16233481.2638949044
39100000000,16232812.4678840321
39200000000,16232144.5057833977
39300000000,16231480.7132339533
39400000000,16230817.7545947470
39500000000,16230156.4637760166
39600000000,16229497.6746880002
39700000000,16228840.5534204599
39800000000,16228185.9338836335
39900000000,16227533.8160775211
40000000000,16226882.5321816467
40100000000,16226233.7500164863
40200000000,16225587.4695820399
40300000000,16224942.8569680694
40400000000,16224299.9121745750
40500000000,16223659.4691117946
40600000000,16223019.8599592522
40700000000,16222383.5864476617
40800000000,16221748.9807565473
40900000000,16221116.0428859089
41000000000,16220485.6067459844
41100000000,16219857.6723367739
41200000000,16219230.5718378015
41300000000,16218605.9730695430
41400000000,16217983.8760319985
41500000000,16217362.6129046921
41600000000,16216744.6854183376
41700000000,16216127.5918422211
41800000000,16215512.9999968186
41900000000,16214900.9098821301
42000000000,16214290.4875879157
42100000000,16213681.7331141792
42200000000,16213075.4803711567
42300000000,16212470.8954486102
42400000000,16211867.9783465397
42500000000,16211267.5629751831
42600000000,16210669.6493345406
42700000000,16210072.5696041360
42800000000,16209478.8255146835
42900000000,16208886.7492457069
43000000000,16208295.5068869684
43100000000,16207707.6001691818
43200000000,16207121.3612718694
43300000000,16206536.7901950348
43400000000,16205954.7208489142
43500000000,16205374.3193232697
43600000000,16204795.5856181011
43700000000,16204218.5197334085
43800000000,16203644.7894896679
43900000000,16203072.7270664033
44000000000,16202502.3324636146
44100000000,16201933.6056813002
44200000000,16201367.3806297015
44300000000,16200802.8233985789
44400000000,22851200.2460457347
44500000000,22848764.8762319796
44600000000,22846337.2819325961
44700000000,22843909.9399173670
44800000000,22841489.9741762280
44900000000,22839078.5085247196
45000000000,22836671.3725261390
45100000000,22834268.6763483323
45200000000,22831871.5603453889
45300000000,22829482.3491892181
45400000000,22827095.7808473669
45500000000,22824716.0444628112
45600000000,22822343.5747085698
45700000000,22819972.2997596376
45800000000,22817610.7947934233
45900000000,22815252.4596622884
46000000000,22812900.9741594121
46100000000,22810557.1545820758
46200000000,22808216.2173007987
46300000000,22805880.8589684553
46400000000,22803549.9407132193
46500000000,22801226.6883771680
46600000000,22798909.5441822223
46700000000,22796595.8934867941
46800000000,22794288.7677831426
46900000000,22791988.4740249738
47000000000,22789693.8892731890
47100000000,22787401.2221138813
47200000000,22785119.5776881538
47300000000,22782839.3197111972
47400000000,22780566.8592319489
47500000000,22778298.4005191401
47600000000,22776036.9058899656
47700000000,22773780.9882863946
47800000000,22771531.4857377782
47900000000,22769286.5341035277
48000000000,22767048.2994606160
48100000000,22764812.5310016870
48200000000,22762587.2365681119
48300000000,22760364.4085321501
48400000000,22758149.6812993176
48500000000,22755937.7039932683
48600000000,22753731.6085030362
48700000000,22751533.5394496620
48800000000,22749339.2439873852
48900000000,22747152.3316801302
49000000000,22743847.7090851776
49100000000,22738636.1252298988
49200000000,22733426.2604388781
49300000000,22728224.3375464119
49400000000,22723021.8946872279
49500000000,22717827.5927894339
49600000000,22712635.2262358405
49700000000,22707445.2723034061
49800000000,22702260.3871340193
49900000000,22697080.0913573094
50000000000,22691902.7633098699
50100000000,22686729.2533408180
50200000000,22681556.9670461752
50300000000,22676393.5300115570
50400000000,22671232.1196117066
50500000000,22666071.5919277854
50600000000,22660918.8184664845
50700000000,22655769.1949554831
50800000000,22650621.1809094362
50900000000,22645477.5378625952
51000000000,22640342.6356354803
51100000000,22635204.8370936289
51200000000,22630076.3315486573
51300000000,22624948.6009905860
51400000000,22619825.6855414659
51500000000,22614707.0059259236
51600000000,22609591.4732454345
51700000000,22604481.0101539381
51800000000,22599371.4827669300
51900000000,22594265.7739809230
52000000000,22589169.7440700755
52100000000,22584070.0393035822
52200000000,22578979.8800074272
52300000000,22573893.6725543328
52400000000,22568808.8143928014
52500000000,22563728.4774034247
52600000000,22558652.6397775151
52700000000,22553579.8394191824
52800000000,22548509.0373598002
52900000000,22543447.8067053370
53000000000,22538386.1811502613
53100000000,22533330.5079651549
53200000000,22528278.3926121630
53300000000,22523225.7758827470
53400000000,22518183.1217594557
53500000000,22513143.4780980721
53600000000,22508106.7960863411
53700000000,22503073.5417103842
53800000000,22498044.6766900271
53900000000,22493019.2384335659
54000000000,22487998.5818484798
54100000000,22482982.6027197465
54200000000,22477966.6889671572
54300000000,22472956.6800035499
54400000000,22467954.9889386594
54500000000,22462952.7930941246
54600000000,22457955.2515310757
54700000000,22452963.9163612463
54800000000,22447970.8239317387
54900000000,22442988.4027616307
55000000000,22438005.7744525634
55100000000,22433030.1550739110
55200000000,22428056.4401186854
55300000000,22423087.9210296310
55400000000,22418121.0066247620
55500000000,22413161.4011911452
55600000000,22408202.6904114000
55700000000,22403250.5986063406
55800000000,22398303.1815115139
55900000000,22393354.6946746446
56000000000,22388415.8967480659
56100000000,22383480.1058747582
56200000000,22378547.2721297070
56300000000,22373615.6253414266
56400000000,22368694.3780248724
56500000000,22363771.3485406265
56600000000,22358854.5178572983
56700000000,22353942.7781811878
56800000000,22349035.6939491481
56900000000,22344129.9165863395
57000000000,22339230.6329465881
57100000000,22334332.6551819965
57200000000,22329439.3329223767
57300000000,22324550.8031504788
57400000000,22319666.9294065572
57500000000,22314786.8953294493
57600000000,22309910.8192173615
57700000000,22305038.2833348103
57800000000,22300170.8201048560
57900000000,22295308.4467085823
58000000000,22290449.6122492552
58100000000,22285592.7807532661
58200000000,22280742.5582552068
58300000000,22275893.5206494667
58400000000,22271049.2557349987
58500000000,22266212.3162080199
58600000000,22261376.9784283750
58700000000,22256545.9956231229
58800000000,22251721.6195848547
58900000000,22246896.1914508455
59000000000,22242077.6709725484
59100000000,22237264.3386955708
59200000000,22232454.8436956257
59300000000,22227649.7026513703
59400000000,22222846.1625676379
59500000000,22218050.3632355332
59600000000,22213255.4444731437
59700000000,22208464.8786938079
59800000000,22203681.6362837851
59900000000,22198896.5073782951
60000000000,22194122.7048015147
60100000000,22189350.0855367966
60200000000,22184580.9968468361
60300000000,22179816.9827015661
60400000000,22175056.0940764733
60500000000,22170298.8654568270
60600000000,22165546.9972107038
60700000000,22160797.9673621617
60800000000,22156056.2596357726
60900000000,22151318.0684418939
61000000000,22146581.1808594875
61100000000,22141852.3279039748
61200000000,22137124.8647235557
61300000000,22132401.9719717577
61400000000,22127683.5374439657
61500000000,22122970.0693072565
61600000000,22118259.7199914306
61700000000,22113553.7198061906
61800000000,22108850.9760214649
61900000000,22104154.3116729073
62000000000,22099461.9956940264
62100000000,22094772.1118997335
62200000000,22090089.2285811640
62300000000,22085408.3603718206
62400000000,22080731.0144046955
62500000000,22076060.1541868821
62600000000,22071392.2395587154
62700000000,22066728.5748095773
62800000000,22062069.5768916085
62900000000,22057414.9256173000
63000000000,22052764.2114767693
63100000000,22048118.4759687036
63200000000,22043476.7739380337
63300000000,22038837.8160652444
63400000000,22034202.0636191666
63500000000,22029574.7696817629
63600000000,22024948.3486480787
63700000000,22020327.0997048542
63800000000,22015712.3404785804
63900000000,22011099.5887828246
64000000000,22006493.8395579234
64100000000,22001887.4516217597
64200000000,21997288.0595200881
64300000000,21992693.7493618988
64400000000,21988102.1202046387
64500000000,21983520.3039733432
64600000000,21978935.8641041815
64700000000,21974356.0889251791
64800000000,21969784.4591748007
64900000000,21965216.3427110836
65000000000,21960650.3379466571
65100000000,21956088.8978486881
65200000000,21951531.4816277064
65300000000,21946982.1155924015
65400000000,21942434.5382497273
65500000000,21937890.6956959553
65600000000,21933352.0281261131
65700000000,21928818.1183346584
65800000000,21924285.3891341500
65900000000,21919759.9715856239
66000000000,21915240.1449665725
66100000000,21910723.3161548823
66200000000,21906209.4265523516
66300000000,21901699.3655540198
66400000000,21897197.5461850241
66500000000,21892698.7229075618
66600000000,21888203.9921854585
66700000000,21883715.0034173168
66800000000,21879227.7021324746
66900000000,21874745.4794626869
67000000000,21870264.8503206745
67100000000,21865794.6954402626
67200000000,21861323.4827936515
67300000000,21856859.2591994591
67400000000,21852399.2796246111
67500000000,21847944.7947019711
67600000000,21843492.0889454111
67700000000,21839043.5341196768
67800000000,21834600.1498207562
67900000000,21830163.6601987816
68000000000,21825728.8549165502
68100000000,21821301.7787985764
68200000000,21816876.3860535435
68300000000,21812455.6536491849
68400000000,21808039.6734669507
68500000000,21803628.3531181253
68600000000,21799221.2756461389
68700000000,21794816.7161873840
68800000000,21790418.7227953896
68900000000,21786026.1328382231
69000000000,21781634.4794149175
69100000000,21777251.3002701439
69200000000,21772871.7068020888
69300000000,21768494.0329419896
69400000000,21764121.9434123896
69500000000,21759756.8340935670
69600000000,21755390.6650881357
69700000000,21751035.2929274663
69800000000,21746681.5993235745
69900000000,21742332.1469471529
70000000000,21737987.8605982363
70100000000,21733646.9768251255
70200000000,21729309.8636471890
70300000000,21724978.8029241785
70400000000,21720652.9068791643
70500000000,21716329.0182182379
70600000000,21712012.0202503577
70700000000,21707698.3705512956
70800000000,21703390.7774160020
70900000000,21699087.9256468266
71000000000,21694784.4302100949
71100000000,21690491.3983957767
71200000000,21686197.3062293567
71300000000,21681911.7782260440
71400000000,21677630.1561220214
71500000000,21673352.4391547553
71600000000,21669079.7950045988
71700000000,21664812.6479307078
71800000000,21660549.4050637819
71900000000,21656291.2345084585
72000000000,21652035.1592985503
72100000000,21647786.3895481117
72200000000,21643540.0424202383
72300000000,21639299.8304822035
72400000000,21635062.5465547107
72500000000,21630832.9842648953
72600000000,21626602.7858109251
72700000000,21622381.7791640684
72800000000,21618163.2032846287
72900000000,21613950.5423488729
73000000000,21609740.5999408476
73100000000,21605534.2605074234
73200000000,21601334.4697506092
73300000000,21597140.2547639310
73400000000,21592947.9665908068
73500000000,21588762.7206529975
73600000000,21584581.7111449912
73700000000,21580403.9671117440
73800000000,21576230.4598979428
73900000000,21572063.9921202436
74000000000,21567900.2960952297
74100000000,21563741.3301027939
74200000000,21559589.6665626243
74300000000,21555440.0940494239
74400000000,21551294.8328459263
74500000000,21547154.9829038307
74600000000,21543019.1016363241
74700000000,21538886.4117560871
74800000000,21534760.6809218749
74900000000,21530636.6106246710
75000000000,21526520.6880956441
75100000000,21522409.4176626578
75200000000,21518302.8726353012
75300000000,21514198.8335469328
75400000000,21510099.7900848351
75500000000,21506007.7028860413
75600000000,21501916.8568419106
75700000000,21497831.9267172329
75800000000,21493754.3686430119
75900000000,21489675.7465286106
76000000000,21485608.3385135494
76100000000,21481539.9379362203
76200000000,21477478.8365588412
76300000000,21473422.8887388073
76400000000,21469368.9425997250
76500000000,21465322.3657838888
76600000000,21461280.0219848044
76700000000,21457244.0117430054
76800000000,21453209.2384825349
76900000000,21449179.1841013543
77000000000,21445157.2775593661
77100000000,21441137.3723770119
77200000000,21437124.4167892225
77300000000,21433114.7294118404
77400000000,21429109.2746058665
77500000000,21425108.5368386805
77600000000,21421112.0984012708
77700000000,21417121.9934148267
77800000000,21413135.7037123255
77900000000,21409151.8979175538
78000000000,21405176.2407748587
78100000000,21401204.4644189775
78200000000,21397238.1701667607
78300000000,21393273.9597433172
78400000000,21389317.0267369859
78500000000,21385363.3819258213
78600000000,21381415.8286981061
78700000000,21377471.5447702855
78800000000,21373531.9730013981
78900000000,21369597.0486476794
79000000000,21365667.2720226422
79100000000,21361744.3536841385
79200000000,21357824.3715120554
79300000000,21353909.0163079910
79400000000,21349999.1620503627
79500000000,21346093.6004115045
79600000000,21342190.4543333985
79700000000,21338295.1025752276
79800000000,21334404.8141951002
79900000000,21330518.8164335638
80000000000,21326635.6722431928
80100000000,21322760.2391739972
80200000000,21318886.8652668595
80300000000,21315021.2841948122
80400000000,21311156.8450801224
80500000000,21307298.3242613748
80600000000,21303445.3646793850
80700000000,21299598.4253052808
80800000000,21295752.5261117034
80900000000,21291917.0664735436
81000000000,21288082.8063494638
81100000000,21284253.6307825781
81200000000,21280427.2863741182
81300000000,21276611.3799871132
81400000000,21272794.3829267025
81500000000,21268985.1759542674
81600000000,21265179.2404772602
81700000000,21261379.7389824688
81800000000,21257583.1491402388
81900000000,21253793.9072257690
82000000000,21250010.1673301980
82100000000,21246228.8405475691
82200000000,21242452.2137150802
82300000000,21238679.8133221678
82400000000,21234913.3876826279
82500000000,21231151.6052740477
82600000000,21227395.3000092469
82700000000,21223643.7182179540
82800000000,21219899.4004088305
82900000000,21216155.3714024872
83000000000,21212417.8260339610
83100000000,21208686.9804637805
83200000000,21204959.9971233644
83300000000,21201238.5430875197
83400000000,21197519.5278231986
83500000000,21193808.2184779607
83600000000,21190098.9569820985
83700000000,21186396.6192650497
83800000000,21182697.9195568264
83900000000,21179003.5480048619
84000000000,21175318.1089612953
84100000000,21171633.8540126048
84200000000,21167954.3188589439
84300000000,21164280.2589379661
84400000000,21160612.5363940895
84500000000,21156948.6712546945
84600000000,21153289.8639015928
84700000000,21149635.7468735836
84800000000,21145984.9036068656
84900000000,21142343.6263771094
85000000000,21138702.5296267718
85100000000,21135069.5836490020
85200000000,21131441.7433851324
85300000000,21127818.5431390516
85400000000,21124197.8313116692
85500000000,21120581.7290217988
85600000000,21116970.7610532157
85700000000,21113368.7771217525
85800000000,21109767.5518371575
85900000000,21106172.2473673448
86000000000,21102582.8642072231
86100000000,21098997.3013838306
86200000000,21095417.6597079523
86300000000,21091845.3489271104
86400000000,21088272.8326514512
86500000000,21084711.0500634238
86600000000,21081151.3367676102
86700000000,21077593.2433026023
86800000000,21074044.5512703918
86900000000,21070500.4975234754
87000000000,21066958.4797362424
87100000000,21063424.1628323495
87200000000,21059892.7476830371
87300000000,21056369.4504896998
87400000000,21052849.0123155974
87500000000,21049335.0331299044
87600000000,21045823.9128526337
87700000000,21042320.9519875199
87800000000,21038817.7873879820
87900000000,21035324.1419374384
88000000000,21031833.7727844343
88100000000,21028346.3042634986
88200000000,21024868.3123826087
88300000000,21021393.5968767405
88400000000,21017921.7816674151
88500000000,21014459.4423009045
88600000000,21010997.3565458134
88700000000,21007543.3868303634
88800000000,21004093.6755579226
88900000000,21000647.6579853930
89000000000,20997206.2763822675
89100000000,20993774.8604756743
89200000000,20990344.1144519746
89300000000,20986918.7992457673
89400000000,20983500.8035178110
89500000000,20980084.8351836018
89600000000,20976674.7896022908
89700000000,20973269.4162823223
89800000000,20969872.1569460109
89900000000,20966477.7583163977
90000000000,20963087.5763997436
90100000000,20959704.1888462752
90200000000,20956324.1834459752
90300000000,20952950.9350415654
90400000000,20949582.3210036568
90500000000,20946216.1481945924
90600000000,20942856.8724303655
90700000000,20939503.9367099963
90800000000,20936156.0513399355
90900000000,20932814.1241764463
91000000000,20929474.6024395749
91100000000,20926139.7143215388
91200000000,20922809.9101772048
91300000000,20919488.2910392135
91400000000,20916171.2648641989
91500000000,20912858.3910138570
91600000000,20909549.3090145215
91700000000,20906246.1508159563
91800000000,20902948.0743119605
91900000000,20899657.2750058919
92000000000,20896367.9440137483
92100000000,20893088.1495883241
92200000000,20889811.1764165945
92300000000,20886536.2210307568
92400000000,20883269.8348907158
92500000000,20880011.1726391576
92600000000,20876752.2694622800
92700000000,20873501.5482059121
92800000000,20870256.2627825774
92900000000,20867016.0846191868
93000000000,20863777.4754920974
93100000000,20860545.6251155697
93200000000,20857318.4344999567
93300000000,20854100.2300230190
93400000000,20850885.7795389295
93500000000,20847675.0542501956
93600000000,20844471.2145786807
93700000000,20841271.4614638574
93800000000,20838075.5159385279
93900000000,20834882.8238193020
94000000000,20831701.7893759906
94100000000,20828521.4720224962
94200000000,20825347.4964719042
94300000000,20822178.9846877865
94400000000,20819016.0066552646
94500000000,20815858.1008889340
94600000000,20812705.2162486762
94700000000,20809554.7589190751
94800000000,20806412.8958220556
94900000000,20803276.0787420794
95000000000,20800142.0805643201
95100000000,20797015.3793807328
95200000000,20793895.0439062864
95300000000,20790776.6698543578
95400000000,20787666.4257451445
95500000000,20784559.0694027729
95600000000,20781457.1752968356
95700000000,20778362.9927279502
95800000000,20775271.1889339797
95900000000,20772185.3549132608
96000000000,20769104.5658646375
96100000000,20766028.8214703016
96200000000,20762962.4809691533
96300000000,20759897.7286303863
96400000000,20756835.3977141567
96500000000,20753781.1715210713
96600000000,20750732.8712182790
96700000000,20747692.6960998476
96800000000,20744651.8606076241
96900000000,20741616.9711255915
97000000000,20738590.1859323569
97100000000,20735568.4444600865
97200000000,20732552.1823583283
97300000000,20729541.4298443310
97400000000,20726533.0953105018
97500000000,20723530.2211960852
97600000000,20720535.9351292960
97700000000,20717544.4655599259
97800000000,20714560.2653922178
97900000000,20711578.8987680711
98000000000,20708603.4758036025
98100000000,20705633.0783767290
98200000000,20702667.7566224039
98300000000,20699709.1795314178
98400000000,20696756.5851629823
98500000000,20693807.7071220316
98600000000,20690862.5299582109
98700000000,20687927.2126213983
98800000000,20684994.3600950427
98900000000,20682068.2692105584
99000000000,20679143.2885383889
99100000000,20676227.2951610684
99200000000,20673317.1771296710
99300000000,20670409.0541762076
99400000000,20667509.0981871933
99500000000,20664615.0038209371
99600000000,20661723.7373199202
99700000000,20658839.7505390234
99800000000,20655961.6913391761
99900000000,20653086.4590399787
100000000000,20650217.1545313075
100100000000,20647355.0626015775
100200000000,20644496.2673742585
100300000000,20641642.9288669303
100400000000,20638795.9359155670
100500000000,20635954.9251302630
100600000000,20633118.4397245422
100700000000,20630286.5874868296
100800000000,20627460.6635315903
100900000000,20624640.2060143128
101000000000,20621825.6214010678
101100000000,20619012.6091997921
101200000000,20616211.2272957340
101300000000,20613413.0759413876
101400000000,20610616.9128360674
101500000000,20607830.1547274329
101600000000,20605044.4942130782
101700000000,20602271.3538128510
101800000000,20599497.0849803500
101900000000,20596731.8040913865
102000000000,20593971.0878642537
102100000000,20591211.9136652686
102200000000,20588462.1778488792
102300000000,20585718.7813017666
102400000000,20582977.7929387540
102500000000,20580245.3118727058
102600000000,20577515.7070238478
102700000000,20574791.5621478260
102800000000,20572073.2832952738
102900000000,20569359.6348916367
103000000000,20566655.3868265674
103100000000,20563952.7090643905
103200000000,20561255.8973528594
103300000000,20558564.9608369358
103400000000,20555879.1235367171
103500000000,20553196.9282216951
103600000000,20550525.5362351760
103700000000,20547856.4762659259
103800000000,20545193.3489438929
103900000000,20542532.6182326525
104000000000,20539880.8762791976
104100000000,20537234.5874342509
104200000000,20534591.1116821207
104300000000,20531954.8964304440
104400000000,20529322.8047608472
104500000000,20526697.9127135761
104600000000,20524079.4291776344
104700000000,20521465.9197226465
104800000000,20518856.1160830520
104900000000,20516251.3479260579
105000000000,20513652.0317039080
105100000000,20511060.3915325813
105200000000,20508472.8739195578
105300000000,20505893.4495595433
105400000000,20503317.3130468316
105500000000,20500745.3154015020
105600000000,20498179.6637293845
105700000000,20495619.4632336199
105800000000,20493066.0253420658
105900000000,20490516.3078125715
106000000000,20487973.3548685685
106100000000,20485435.9129464664
106200000000,20482903.4388677031
106300000000,20480374.6743866429
106400000000,20477856.2191163935
106500000000,20475341.8910353705
106600000000,20472829.0537287518
106700000000,20470324.7842845134
106800000000,20467824.1616953909
106900000000,20465334.3267162405
107000000000,20462845.4982060455
107100000000,20460361.2807274796
107200000000,20457885.1484601162
107300000000,20455411.4074897692
107400000000,20452947.4896884114
107500000000,20450485.9573497362
107600000000,20448032.9971043728
107700000000,20445583.2559675835
107800000000,20443141.1876660921
107900000000,20440702.3372705579
108000000000,20438268.5258347429
108100000000,20435841.0482337065
108200000000,20433421.6597119607
108300000000,20431002.4377883971
108400000000,20428592.6228345111
108500000000,20426187.4140554778
108600000000,20423788.0616093576
108700000000,20421394.1569188461
108800000000,20419006.6012068018
108900000000,20416624.0670598596
109000000000,20414247.3971688151
109100000000,20411877.0768897422
109200000000,20409509.5538025461
109300000000,20407149.6912133507
109400000000,20404795.6925873272
109500000000,20402444.9859133884
109600000000,20400102.7839500010
109700000000,20397765.5894307122
109800000000,20395434.2696661167
109900000000,20393106.6477560587
110000000000,20390787.1128933355
110100000000,20388470.3721001111
110200000000,20386162.6212006323
110300000000,20383856.3433341384
110400000000,20381559.4721157663
110500000000,20379266.7273422554
110600000000,20376978.0948461220
110700000000,20374698.0214731842
110800000000,20372418.9614942670
110900000000,20370151.1008327082
111000000000,20367886.4483860321
111100000000,20365625.9196914546
111200000000,20363375.7024917603
111300000000,20361124.7311223410
111400000000,20358884.9728414230
111500000000,20356648.8380754367
111600000000,20354417.3142381608
111700000000,20352192.9585603066
111800000000,20349970.9908060618
111900000000,20347757.5242325142
112000000000,20345549.4857336245
112100000000,20343347.3807705492
112200000000,20341151.5542810149
112300000000,20338961.1547036655
112400000000,20336774.0314213261
112500000000,20334592.7690956146
112600000000,20332422.2299980819
112700000000,20330251.4197806753
112800000000,20328089.5269031785
112900000000,20325933.9850022420
113000000000,20323780.8111530878
113100000000,20321634.3858796507
113200000000,20319496.4800791554
113300000000,20317360.0134635232
113400000000,20315231.2426971756
113500000000,20313106.9869724847
113600000000,20310994.3405587748
113700000000,20308881.8580645658
113800000000,20306772.5959120281
113900000000,20304674.9425749555
114000000000,20302580.5094315708
114100000000,20300491.5185316280
114200000000,20298408.3652948886
114300000000,20296333.3465923667
114400000000,20294260.6378690004
114500000000,20292196.0244497061
114600000000,20290135.9432798102
114700000000,20288079.1348823123
114800000000,20286033.4398222864
114900000000,20283987.9077157453
115000000000,20281952.2008718401
115100000000,20279920.1667353362
115200000000,20277895.3183560856
115300000000,20275876.3805643171
115400000000,20273859.7506859452
115500000000,20271852.9458024539
115600000000,20269850.7223266587
115700000000,20267853.0465658642
115800000000,20265862.0958791599
115900000000,20263878.3312719688
116000000000,20261897.3684292100
116100000000,20259925.3704941235
116200000000,20257956.5911827981
116300000000,20255995.8635283671
116400000000,20254037.9374550954
116500000000,20252085.8407168761
116600000000,20250145.3737035953
116700000000,20248205.4862437621
116800000000,20246271.9236448407
116900000000,20244343.3042159528
117000000000,20242423.6472129077
117100000000,20240507.2081975676
117200000000,20238597.5393097363
117300000000,20236691.9494808577
117400000000,20234793.5168708563
117500000000,20232901.4672304429
117600000000,20231016.1035112180
117700000000,20229135.7355885468
117800000000,20227260.3587331511
117900000000,20225391.2546245493
118000000000,20223525.4178527370
118100000000,20221667.1594194546
118200000000,20219818.2780378051
118300000000,20217973.1119461767
118400000000,20216129.7981963009
118500000000,20214296.7588227279
118600000000,20212467.8420930915
118700000000,20210646.1127807833
118800000000,20208830.6550420783
118900000000,20207017.0805214010
119000000000,20205213.3811507709
119100000000,20203412.3985170461
119200000000,20201623.0116902255
119300000000,20199833.7863970771
119400000000,20198050.3807989955
119500000000,20196276.3840516619
119600000000,20194506.4549340978
119700000000,20192742.4454797246
119800000000,20190984.6887366846
119900000000,20189231.0167533979
120000000000,20187484.0802805349
120100000000,20185744.7652424946
120200000000,20184009.5837945640
120300000000,20182279.7540214099
120400000000,20180558.4628495462
120500000000,20178841.3056576066
120600000000,20177129.0453878939
120700000000,20175426.6108057797
120800000000,20173726.9746745229
120900000000,20172032.7363548689
121000000000,20170344.3502726890
121100000000,20168662.2808057293
121200000000,20166986.4803875610
121300000000,20165317.4520827644
121400000000,20163653.3166464642
121500000000,20161994.6632919610
121600000000,20160345.7891938835
121700000000,20158697.0356994942
121800000000,20157056.8178721406
121900000000,20155423.2853372954
122000000000,20153795.1872438639
122100000000,20152172.4825784005
122200000000,20150557.3844159208
122300000000,20148946.8454641476
122400000000,20147340.3541211039
122500000000,20145743.2725236677
122600000000,20144150.6612996981
122700000000,20142564.8225356340
122800000000,20140982.6603597775
122900000000,20139408.0631074645
123000000000,20137840.6558842808
123100000000,20136279.0561800376
123200000000,20134719.7924871147
123300000000,20133168.1788943782
123400000000,20131624.5482005365
123500000000,20130084.5911391862
123600000000,20128552.2425216213
123700000000,20127024.4474662878
123800000000,20125504.1707279719
123900000000,20123988.5370752886
124000000000,20122480.8377442323
124100000000,20120976.8578741401
124200000000,20119479.1443001293
124300000000,20117987.2339377068
124400000000,20116503.8093907274
124500000000,20115023.6416162625
124600000000,20113550.1565167010
124700000000,20112084.6930021197
124800000000,20110623.3664019406
124900000000,20109167.3801074959
125000000000,20107717.7031848133
125100000000,20106277.8531325795
125200000000,20104837.6533046253
125300000000,20103409.4522303566
125400000000,20101984.0458741039
125500000000,20100564.8559403755
125600000000,20099152.4399603792
125700000000,20097742.7696100064
125800000000,20096344.6359774321
125900000000,20094949.2969306596
126000000000,20093558.8802339286
126100000000,20092178.7494103424
126200000000,20090799.5603369512
126300000000,20089429.2713431790
126400000000,20088065.3398290724
126500000000,20086707.2043462358
126600000000,20085352.6968901977
126700000000,20084009.2569688670
126800000000,20082667.3194435760
126900000000,20081333.3958207630
127000000000,20080005.7354050539
127100000000,20078685.2666989528
127200000000,20077366.1935700513
127300000000,20076057.3645910770
127400000000,20074752.6751281433
127500000000,20073452.8498490937
127600000000,20072162.3818605989
127700000000,20070878.2300962545
127800000000,20069596.8177261092
127900000000,20068324.7621886283
128000000000,20067056.3330506012
128100000000,20065796.3853783272
128200000000,20064539.5926663056
128300000000,20063289.9922052696
128400000000,20062047.4700665176
128500000000,20060809.5044221543
128600000000,16692405.4173504263
128700000000,16690173.8735535499
128800000000,16687945.6653976273
128900000000,16685721.6267928928
129000000000,16683500.0899188723
129100000000,16681282.7225960437
129200000000,16679068.6909141652
129300000000,16676857.1609630026
129400000000,16674648.9666527901
129500000000,16672444.9418937676
129600000000,16670244.2527756989
129700000000,16668046.8992985804
129800000000,16665852.8814624157
129900000000,16663661.3653569631
130000000000,16661474.0188027006
130100000000,16659290.8417996299
130200000000,16657109.3326170333
130300000000,16654931.9929856267
130400000000,16652757.9889951739
130500000000,16650588.1545559093
130600000000,16648420.8218473587
130700000000,16646256.8247797620
130800000000,16644096.9972633533
130900000000,16641939.6714776587
131000000000,16639785.6813329179
131100000000,16637635.8607393652
131200000000,16635489.3757867645
131300000000,16633345.3925648797
131400000000,16631204.7449839450
131500000000,16629069.1008644383
131600000000,16626935.1245654076
131700000000,16624805.3178175688
131800000000,16622678.0128004421
131900000000,16620555.7112447433
132000000000,16618435.9114197604
132100000000,16616319.4472357277
132200000000,16614205.4847824089
132300000000,16612096.5257905181
132400000000,16609990.0685293432
132500000000,16607886.9469091184
132600000000,16605787.9948400836
132700000000,16603691.5445017628
132800000000,16601598.4298043940
132900000000,16599509.4846582171
133000000000,16597423.0412427522
133100000000,16595340.7673784774
133200000000,16593260.9952449165
133300000000,16591185.3926625457
133400000000,16589112.2918108907
133500000000,16587044.1944206618
133600000000,16584978.5987611469
133700000000,16582915.5048323460
133800000000,16580857.4143649731
133900000000,16578800.9917180780
134000000000,16576749.5725326091
134100000000,16574699.8211676162
134200000000,16572655.0732640512
134300000000,16570612.8270912003
134400000000,16568574.7504695393
134500000000,16566539.1755785923
134600000000,16564506.9363285992
134700000000,16562478.8666297942
134800000000,16560454.1325719412
134900000000,16558431.9002448022
135000000000,16556413.8374688532
135100000000,16554399.1103338562
135200000000,16552387.7188398112
135300000000,16550379.6629867181
135400000000,16548374.9427745771
135500000000,16546373.5582033880
135600000000,16544375.5092731528
135700000000,16542381.6298941057
135800000000,16540389.4183355346
135900000000,16538402.2102383915
136000000000,16536418.3377822004
136100000000,16534436.9670567233
136200000000,16532458.9319721982
136300000000,16530485.0664388631
136400000000,16528514.5365464799
136500000000,16526547.3422950488
136600000000,16524583.4836845696
136700000000,16522622.9607150424
136800000000,16520665.7733864672
136900000000,16518711.9216988441
137000000000,16516761.4056521729
137100000000,16514814.2252464537
137200000000,16512870.3804816864
137300000000,19976192.3606394343
137400000000,19975510.7861118130
137500000000,19974835.4649319761
137600000000,19974165.9044200853
137700000000,19973500.9075040780
137800000000,19972845.9930936024
137900000000,19972194.3698078170
138000000000,19971550.6890850514
138100000000,19970910.5509162061
138200000000,19970279.8256511912
138300000000,19969654.8588099517
138400000000,19969034.8730169609
138500000000,19968422.8284311779
138600000000,19967817.9027309231
138700000000,19967219.2294745333
138800000000,19966623.6797549762
138900000000,19966035.7440707125
139000000000,19965456.2769924030
139100000000,19964883.3995173238
139200000000,19964313.7241604663
139300000000,19963754.2162553854
139400000000,19963196.9644059390
139500000000,19962646.9102531187
139600000000,19962106.6058665477
139700000000,19961572.0239917226
139800000000,19961041.0921887010
139900000000,19960517.2456075326
140000000000,19959999.2334024683
140100000000,19959490.5532125980
140200000000,19958988.5411259383
140300000000,19958487.4326762110
140400000000,19958000.8893553466
140500000000,19957516.2795093805
140600000000,19957036.0561315604
140700000000,19956564.3956891969
140800000000,19956100.5872030891
140900000000,19955640.3965210915
141000000000,19955187.4043332674
141100000000,19954740.9952044003
141200000000,19954303.4688482210
141300000000,19953870.0073280111
141400000000,19953442.7958314493
141500000000,19953022.2513336726
141600000000,19952607.4546245672
141700000000,19952203.3228474967
141800000000,19951800.9394928552
141900000000,19951406.1720571481
142000000000,19951018.6037393995
142100000000,19950636.2490707673
142200000000,19950261.5103443414
142300000000,19949895.1492441744
142400000000,19949529.7730187327
142500000000,19949177.2770999037
142600000000,19948828.3106147051
142700000000,19948488.2252391689
142800000000,19948149.0368458368
142900000000,19947819.2340599000
143000000000,19947496.0373246446
143100000000,19947179.5058832057
143200000000,19946869.2228008769
143300000000,19946566.5561629906
143400000000,19946272.2639540732
143500000000,19945981.4986238480
143600000000,19945694.8561403826
143700000000,19945417.0036812052
143800000000,19945146.2609250396
143900000000,19944884.3975315467
144000000000,19944623.9352525324
144100000000,19944373.2142381780
144200000000,19944128.7408290282
144300000000,19943890.9320008941
144400000000,19943659.2792419493
144500000000,19943432.9479944520
144600000000,19943212.9450943135
144700000000,19943000.8947939016
144800000000,19942795.4163714163
144900000000,19942597.1382267885
145000000000,19942406.7847083695
145100000000,19942218.2759112231
145200000000,19942040.0160185173
145300000000,19941866.0947271734
145400000000,19941700.6514850184
145500000000,19941539.2401528917
145600000000,19941388.4099161737
145700000000,19941239.3972287215
145800000000,19941101.5884465724
145900000000,19940967.6045386605
146000000000,19940839.5623516701
146100000000,19940717.9747850932
146200000000,19940604.9599221162
146300000000,19940499.0251014978
146400000000,19940395.7752120271
146500000000,19940302.2357249334
146600000000,19940216.7570743933
146700000000,19940132.9809869528
146800000000,19940060.4102646410
146900000000,19939991.6581752636
147000000000,19939932.3148202002
147100000000,19939875.6543869674
147200000000,19939826.0727348961
147300000000,19939787.9975411110
147400000000,19939752.7214120887
147500000000,19939722.1929953992
147600000000,19939702.4543517642
147700000000,19939684.7330087684
147800000000,19939677.7026811093
147900000000,19939677.0158876739
148000000000,19939680.6774836145
148100000000,19939692.2802410461
148200000000,19939708.3301657513
148300000000,19939735.5879105888
148400000000,19939764.4420995712
148500000000,19939804.0875205621
148600000000,19939850.8108505830
148700000000,19939898.7121669203
148800000000,19939958.2387132347
148900000000,19940025.4084513783
149000000000,19940094.2732337303
149100000000,19940170.6318853162
149200000000,19940257.2641262971
149300000000,19940346.0072557665
149400000000,19940445.4403094500
149500000000,19940548.4861133583
149600000000,19940661.2390705422
149700000000,19940777.5015533939
149800000000,19940902.6365604140
149900000000,19941031.6975344792
150000000000,19941172.4898019508
150100000000,19941314.3485251591
150200000000,19941464.7876552381
150300000000,19941624.5161796995
150400000000,19941787.8571024463
150500000000,19941960.3823325820
150600000000,19942136.5193461478
150700000000,19942321.8400524557
150800000000,19942513.1126343459
150900000000,19942708.7039505728
151000000000,19942912.7714891806
151100000000,19943125.6042627953
151200000000,19943341.0648410656
151300000000,19943567.2139574364
151400000000,19943798.7927680872
151500000000,19944035.6292426363
151600000000,19944280.7049500085
151700000000,19944532.2588379793
151800000000,19944788.0205296688
151900000000,19945055.4125933982
152000000000,19945325.8906661868
152100000000,19945606.0733066127
152200000000,19945889.3414449245
152300000000,19946179.6839289106
152400000000,19946481.2408169545
152500000000,19946784.3719693087
152600000000,19947096.0881851763
152700000000,19947412.5336714536
152800000000,19947739.6668363251
152900000000,19948071.2450048774
153000000000,19948408.9528666586
153100000000,19948755.5298762321
153200000000,19949108.4809759669
153300000000,19949465.6313656718
153400000000,19949831.3683655597
153500000000,19950201.3030259870
153600000000,19950580.2416622750
153700000000,19950968.0490923673
153800000000,19951360.1886073165
153900000000,19951761.1964750439
154000000000,19952165.7017419375
154100000000,19952579.2118270472
154200000000,19952997.0287497863
154300000000,19953423.3209797703
154400000000,19953856.9653216228
154500000000,19954294.3572547361
154600000000,19954742.7151500918
154700000000,19955197.7286119089
154800000000,19955659.0051638559
154900000000,19956121.9574980922
155000000000,19956596.8225142695
155100000000,19957077.5337862447
155200000000,19957564.9004538022
155300000000,19958056.4547671415
155400000000,19958559.2277804874
155500000000,19959066.4440344311
155600000000,19959581.7181889229
155700000000,19960101.7109547593
155800000000,19960629.1925629415
155900000000,19961166.5265333466
156000000000,19961706.3665581308
156100000000,19962254.2639711052
156200000000,19962809.2327629440
156300000000,19963370.3212937191
156400000000,19963939.0154794976
156500000000,19964515.5056234971
156600000000,19965096.2835341953
156700000000,19965686.9153454155
156800000000,19966283.0946957730
156900000000,19966883.8697702102
157000000000,19967495.8662081398
157100000000,19968108.7231813781
157200000000,19968731.2791422270
157300000000,19969363.5337758102
157400000000,19970000.8003960177
157500000000,19970640.5683555678
157600000000,19971294.6040800586
157700000000,19971949.3520564102
157800000000,19972616.5735890381
157900000000,19973286.8648831137
158000000000,19973964.2262736298
158100000000,19974645.6125362590
158200000000,19975338.7859221138
158300000000,19976037.9269567281
158400000000,19976741.2383822650
158500000000,19977453.5625861622
158600000000,19978172.5392173193
158700000000,19978896.6415654346
158800000000,19979630.8882105462
158900000000,19980369.2822553776
159000000000,19981116.5670097582
159100000000,19981868.5589756034
159200000000,19982627.0788843334
159300000000,19983394.1958825514
159400000000,19984168.3822098896
159500000000,19984946.7327366509
159600000000,19985736.3086919598
159700000000,19986527.2811042480
159800000000,19987330.4521801919
159900000000,19988139.0518693775
160000000000,19988952.8981437087
160100000000,19989773.2696169503
160200000000,19990601.2804139331
160300000000,19991436.7762584016
160400000000,19992281.5507113636
160500000000,19993128.3999580778
160600000000,19993985.6712165922
160700000000,19994847.1001465321
160800000000,19995716.5575603209
160900000000,19996591.7044905685
161000000000,19997475.3241957165
161100000000,19998366.0114256144
161200000000,19999260.9815486148
161300000000,20000164.4242298976
161400000000,20001077.5612736307
161500000000,20001992.5108738355
161600000000,20002918.1438296176
161700000000,20003851.1022354588
161800000000,20004787.9537690319
161900000000,20005733.8243089877
162000000000,20006686.3448789120
162100000000,20007645.3852405585
162200000000,20008611.7486401126
162300000000,20009584.0880459994
162400000000,20010562.2731774412
162500000000,20011550.8248315342
162600000000,20012542.8505859300
162700000000,20013544.3138162419
162800000000,20014550.0546572953
162900000000,20015564.2676576711
163000000000,20016587.3393223658
163100000000,20017612.9252528511
163200000000,20018647.5023437887
163300000000,20019690.6726921350
163400000000,20020740.7880555727
163500000000,20021795.4627567902
163600000000,20022860.4020681642
163700000000,20023927.8227014318
163800000000,20025005.0999564677
163900000000,20026087.7749039419
164000000000,20027177.7980197072
164100000000,20028274.3347793669
164200000000,20029379.6125930697
164300000000,20030489.4454139359
164400000000,20031608.0001094304
164500000000,20032730.7428414151
164600000000,20033864.9693965614
164700000000,20035003.0817341655
164800000000,20036146.2985633761
164900000000,20037300.9170608036
165000000000,20038462.2960091345
165100000000,20039624.6527089998
165200000000,20040799.3258895651
165300000000,20041980.2615919746
165400000000,20043167.8447162881
165500000000,20044362.1850947626
165600000000,20045561.1327024959
165700000000,20046771.5626723059
165800000000,20047985.0415550396
165900000000,20049208.3806464374
166000000000,20050438.0576097667
166100000000,20051669.5458216257
166200000000,20052915.7299485318
166300000000,20054164.9618492797
166400000000,20055420.1269419864
166500000000,20056682.6516106687
166600000000,20057955.1425018907
166700000000,20059229.8619756624
166800000000,20060517.0533618294
166900000000,20061807.1336615644
167000000000,20063108.0342874043
167100000000,20064411.2655493617
167200000000,20065723.9423792958
167300000000,20067045.0567154810
167400000000,20068370.8839519694
167500000000,20069702.9398412108
167600000000,20071041.9163465016
167700000000,20072389.7467209473
167800000000,20073744.8153628781
167900000000,20075100.9597508572
168000000000,20076473.5938714370
168100000000,20077846.9044605158
168200000000,20079227.8518626913
168300000000,20080616.2782392316
168400000000,20082010.3721320517
168500000000,20083413.4972059652
168600000000,20084824.7569930442
168700000000,20086239.8918506876
168800000000,20087665.8494589254
168900000000,20089094.6902377345
169000000000,20090533.7926397584
169100000000,20091977.3312398158
169200000000,20093430.4111960158
169300000000,20094885.3018561602
169400000000,20096351.6700996384
169500000000,20097824.3001687452
169600000000,20099302.0194402337
169700000000,20100790.4168456942
169800000000,20102283.8136331029
169900000000,20103780.7541796528
170000000000,20105289.5001367256
170100000000,20106802.9517707042
170200000000,20108324.6906306036
170300000000,20109853.4031953961
170400000000,20111389.6798390150
170500000000,20112928.9928692356
170600000000,20114477.3406205885
170700000000,20116033.1657299884
170800000000,20117597.6934358515
170900000000,20119169.2811286412
171000000000,20120744.4699373208
171100000000,20122329.1944538280
171200000000,20123918.7708822787
171300000000,20125514.5731294043
171400000000,20127121.8866670467
171500000000,20128734.2829016820
171600000000,20130351.6899975240
171700000000,20131976.5733104870
171800000000,20133610.7239847183
171900000000,20135248.7416736484
172000000000,20136896.0260664187
172100000000,20138549.9892833754
172200000000,20140210.9751096182
172300000000,20141878.7164139152
172400000000,20143552.1890266202
172500000000,20145233.4029046968
172600000000,20146923.4662114643
172700000000,20148616.5606229976
172800000000,20150323.6300658658
172900000000,20152029.8547086827
173000000000,20153744.8054511100
173100000000,20155470.5859382302
173200000000,20157201.0266254805
173300000000,20158937.3124412484
173400000000,20160683.1267033368
173500000000,20162433.7542750537
173600000000,20164190.2266024426
173700000000,20165956.2263417505
173800000000,20167727.8087329641
173900000000,20169507.9239414819
174000000000,20171294.6801947914
174100000000,20173086.4474357851
174200000000,20174887.7407262251
174300000000,20176692.4734338075
174400000000,20178510.0886808597
174500000000,20180328.5233775750
174600000000,20182155.0056380816
174700000000,20183992.4240554459
174800000000,20185834.6545300484
174900000000,20187683.7849847823
175000000000,20189538.5005663633
175100000000,20191401.9056908600
175200000000,20193271.6323180832
175300000000,20195146.5276105516
175400000000,20197033.9856657758
175500000000,20198922.0025379099
175600000000,20200819.5410095602
175700000000,20202726.5403898880
175800000000,20204635.1513249688
175900000000,20206558.4707635008
176000000000,20208480.6182786338
176100000000,20210413.8569661379
176200000000,20212354.7289722823
176300000000,20214302.0804167315
176400000000,20216252.4534293003
176500000000,20218215.9629007205
176600000000,20220185.0607922748
176700000000,20222155.6067280658
176800000000,20224141.4399836324
176900000000,20226126.3529494889
177000000000,20228122.6798425354
177100000000,20230125.4840016067
177200000000,20232134.7648350820
177300000000,20234151.1009687558
177400000000,20236174.4924317598
177500000000,20238206.0971875861
177600000000,20240243.0198069066
177700000000,20242287.5760495700
177800000000,20244337.3578807376
177900000000,20246392.9843998328
178000000000,20248461.1653072536
178100000000,20250530.9020442404
178200000000,20252611.9418478385
178300000000,20254697.2490049079
178400000000,20256791.1882028282
178500000000,20258890.6047978252
178600000000,20260998.2367959619
178700000000,20263110.7636510804
178800000000,20265231.7576458454
178900000000,20267359.5545282029
179000000000,20269496.4458777867
179100000000,20271634.5634610243
179200000000,20273785.3973125629
179300000000,20275941.8250709549
179400000000,20278102.8936256878
179500000000,20280275.8859595768
179600000000,20282448.6900493503
179700000000,20284633.9551632926
179800000000,20286823.6517608203
179900000000,20289021.2361006886
180000000000,20291224.8725664206
180100000000,20293437.3510259315
180200000000,20295653.4686283283
180300000000,20297879.8856854998
180400000000,20300111.8987987973
180500000000,20302352.0051876567
180600000000,20304597.5394061580
180700000000,20306848.7068252638
180800000000,20309110.9697695337
180900000000,20311377.4941594265
181000000000,20313648.8169046566
181100000000,20315931.2353934832
181200000000,20318218.9112006985
181300000000,20320510.9751843996
181400000000,20322814.5449270569
181500000000,20325123.3792895898
181600000000,20327440.4665784873
181700000000,20329758.5283538066
181800000000,20332088.8866668083
181900000000,20334423.5035549365
182000000000,20336769.9997533485
182100000000,20339120.3075618967
182200000000,20341477.6970850006
182300000000,20343838.0645995028
182400000000,20346208.1344219781
182500000000,20348587.8499079905
182600000000,20350970.3985852413
182700000000,20353364.0451008007
182800000000,20355760.6974795349
182900000000,20358168.0208802260
183000000000,20360577.9427785948
183100000000,20362999.3696960993
183200000000,20365422.2124904729
183300000000,20367857.1511071213
183400000000,20370297.4731405117
183500000000,20372743.0592498407
183600000000,20375200.7648074627
183700000000,20377659.0275877826
183800000000,20380126.3705274723
183900000000,20382598.9767263085
184000000000,20385081.5953704603
184100000000,20387566.8762889542
184200000000,20390065.6252525300
184300000000,20392568.2102490962
184400000000,20395075.8183146939
184500000000,20397591.4938945174
184600000000,20400114.3969761170
184700000000,20402644.5903074779
184800000000,20405180.3885064609
184900000000,20407722.8371707313
185000000000,20410273.9292442091
185100000000,20412830.4781781770
185200000000,20415395.0756711848
185300000000,20417966.3063765839
185400000000,20420544.1703253128
185500000000,20423128.9054571502
185600000000,20425717.6522457264
185700000000,20428317.0688763447
185800000000,20430921.1062554047
185900000000,20433532.1931779906
186000000000,20436151.7454299517
186100000000,20438777.9304077141
186200000000,20441410.7481423914
186300000000,20444050.0177766979
186400000000,20446696.3370033838
186500000000,20449348.8717208244
186600000000,20452010.4784076996
186700000000,20454676.3240265474
186800000000,20457351.0134650096
186900000000,20460032.3276860267
187000000000,20462717.4780823588
187100000000,20465411.4578077197
187200000000,20468112.3043399304
187300000000,20470822.8203762211
187400000000,20473536.3309981301
187500000000,20476258.4896018580
187600000000,20478985.4974034689
187700000000,20481720.1538898088
187800000000,20484465.0618026517
187900000000,20487213.3804246113
188000000000,20489968.3304976895
188100000000,20492728.7281730622
188200000000,20495496.9410048351
188300000000,20498276.6562349051
188400000000,20501059.9657479860
188500000000,20503849.1384384967
188600000000,20506645.5253988616
188700000000,20509446.7559336759
188800000000,20512259.4423317313
188900000000,20515076.5544842482
189000000000,20517899.0938641205
189100000000,20520727.8469552770
189200000000,20523564.0644367561
189300000000,20526411.1366314739
189400000000,20529262.6322189346
189500000000,20532118.5550786927
189600000000,20534985.5624054708
189700000000,20537853.7247339636
189800000000,20540733.1589271761
189900000000,20543616.8325646743
190000000000,20546509.7565401159
190100000000,20549406.6908495873
190200000000,20552312.2698225901
190300000000,20555224.4786641262
190400000000,20558142.5319468230
190500000000,20561068.0006831251
190600000000,20564001.7444765083
190700000000,20566940.2832789831
190800000000,20569884.6667140722
190900000000,20572837.8826452680
191000000000,20575797.1212716736
191100000000,20578762.9892959669
191200000000,20581734.1180253178
191300000000,20584717.2822376899
191400000000,20587700.6449715421
191500000000,20590694.8655041680
191600000000,20593693.4982722439
191700000000,20596700.7861507386
191800000000,20599711.0582659580
191900000000,20602730.9957284704
192000000000,20605757.9791082218
192100000000,20608790.7573582456
192200000000,20611830.8062496111
192300000000,20614879.0945752896
192400000000,20617932.7426554859
192500000000,20620993.6788173616
192600000000,20624059.2153759673
192700000000,20627132.7985342033
192800000000,20630209.9740520716
192900000000,20633299.2393015288
193000000000,20636392.2908928357
193100000000,20639491.7767774016
193200000000,20642599.3092757948
193300000000,20645711.0230778977
193400000000,20648834.8480237797
193500000000,20651960.2348162718
193600000000,20655093.2509308048
193700000000,20658232.6998303942
193800000000,20661379.3890782222
193900000000,20664532.0936124846
194000000000,20667694.0447892733
194100000000,20670858.9746686779
194200000000,20674032.9811176397
194300000000,20677214.6186341755
194400000000,20680400.8499378897
194500000000,20683591.6759688966
194600000000,20686793.1667725556
194700000000,20690001.7017554343
194800000000,20693213.8283686452
194900000000,20696432.9992780462
195000000000,20699659.9670373499
195100000000,20702893.8115579747
195200000000,20706133.0013635792
195300000000,20709382.1034063436
195400000000,20712632.7621315941
195500000000,20715890.6328879632
195600000000,20719158.1659172587
195700000000,20722430.1242935620
195800000000,20725709.4603233263
195900000000,20728996.2569765113
196000000000,20732287.0618026555
196100000000,20735591.1493304782
196200000000,20738893.3391571045
196300000000,20742204.4086587504
196400000000,20745523.3033138104
196500000000,20748849.6256247014
196600000000,20752182.7753888927
196700000000,20755521.0993078463
196800000000,20758866.8832214028
196900000000,20762216.0563439578
197000000000,20765576.0951123610
197100000000,20768940.7212195732
197200000000,20772312.5588156395
197300000000,20775689.8170784153
197400000000,20779072.7054845318
197500000000,20782464.2179620638
197600000000,20785861.1052078940
197700000000,20789268.4869164638
197800000000,20792678.8388707228
197900000000,20796094.5653009601
198000000000,20799517.5468298346
198100000000,20802949.3989795037
198200000000,20806383.7590113990
198300000000,20809827.8238970861
198400000000,20813277.0587287210
198500000000,20816736.3704154752
198600000000,20820197.8166240454
198700000000,20823665.8875225373
198800000000,20827141.4174634963
198900000000,20830621.6987993196
199000000000,20834110.6480311193
199100000000,20837606.7964107282
199200000000,20841108.7892811149
199300000000,20844617.1465553343
199400000000,20848131.1376816332
199500000000,20851651.1299762689
199600000000,20855176.9128439613
199700000000,20858712.3546034656
199800000000,20862251.1790067628
199900000000,20865800.8733736500
